2250100727931
2250100732820
2250100717699
2250100756189
2250100764064
2250100780332
2250788148847
2250100791636
2250100752749
2250100767716
2250788123412
2250100705061
2250100775134
2250100764666
2250100714013
2250100724734
2250100710042
2250100772920
2250100752891
2250100737784
2250100787620
2250100756453
2250100712165
2250100756599
2250100757109
2250100705661
2250100761303
2250100781874
2250100765280
2250100710267
2250100730539
2250100786382
2250100709826
2250100790895
2250788148984
2250100750399
2250100753347
2250100782028
2250100774734
2250100722862
2250100738937
2250100783006
2250100794922
2250719853429
2250719838377
2250100740653
2250100719339
2250100763834
2250100737719
2250100772641
2250719808012
2250100758733
2250100774219
2250100706640
2250719849116
2250100711065
2250100733843
2250100792695
2250100732003
2250100732553
2250100772074
2250100718431
2250719813083
2250100722522
2250100764336
2250788192517
2250100747683
2250100752920
2250788121505
2250100798812
2250100727475
2250100768187
2250100782276
2250100727574
2250100705404
2250100764299
2250100763028
2250100756173
2250100727203
2250100786000
2250788191118
2250100741432
2250100780970
2250719813495
2250788148563
2250100792011
2250100799320
2250100730900
2250788178729
2250719860972
2250100785268
2250719808936
2250100744672
2250100798922
2250100771973
2250100738403
2250788121842
2250100774812
2250100771020
2250100777253
2250100742450
2250719853042
2250100776096
2250100776151
2250100711349
2250100783451
2250788135524
2250100714165
2250100781566
2250100721332
2250719860491
2250100720636
2250100712053
2250100772260
2250100705224
2250100732178
2250100712112
2250100726572
2250100712110
2250100704313
2250100770089
2250100776200
2250100752415
2250100782111
2250719849370
2250100781339
2250100783943
2250100706186
2250100782119
2250100799817
2250100715744
2250100706183
2250100753413
2250100797846
2250719849472
2250100777671
2250719838632
2250100738631
2250100710122
2250100715588
2250100798175
2250100750987
2250100720516
2250100792948
2250100715903
2250100730589
2250100747973
2250100719483
2250100736772
2250100750594
2250719808123
2250100741846
2250100704142
2250100750698
2250100704146
2250100736284
2250788192461
2250788121027
2250100776275
2250100763288
2250100770789
2250100777005
2250100740189
2250100782579
2250100711233
2250719853461
2250788178576
2250100774773
2250100747290
2250719860944
2250100742413
2250100756045
2250100779271
2250100756124
2250100726098
2250100779275
2250100799378
2250719808425
2250788148537
2250100714231
2250100704037
2250100719847
2250100791404
2250100791405
2250100732511
2250719838746
2250100780999
2250100781029
2250100712805
2250100779877
2250100705917
2250100716759
2250100767379
2250719838893
2250100719186
2250788169743
2250100794827
2250788169749
2250100726378
2250100717892
2250788191154
2250100719188
2250100741101
2250788169426
2250100792299
2250788178975
2250100757512
2250100726782
2250100790549
2250788148375
2250100745913
2250788190265
2250719849930
2250719849932
2250100794144
2250788135800
2250788191744
2250100755781
2250100714181
2250100733375
2250719813758
2250100714348
2250788169089
2250100727786
2250100741569
2250100775672
2250719838442
2250100777355
2250100786793
2250100716285
2250100730138
2250100756104
2250100779524
2250100791100
2250100726736
2250788178737
2250100710479
2250100777734
2250788191736
2250719849988
2250719808444
2250100715897
2250100712550
2250100714319
2250100783663
2250788192639
2250100727127
2250100751975
2250100727125
2250788169378
2250100733857
2250100779635
2250100744766
2250100768673
2250100726743
2250100727281
2250100770034
2250719813556
2250719869405
2250719869152
2250100719040
2250100777285
2250100705052
2250100789603
2250100797297
2250100775085
2250100794767
2250788148422
2250100752053
2250100782140
2250100787313
2250100744518
2250100744690
2250100724194
2250100769716
2250100744697
2250100714009
2250100726638
2250100764174
2250100744513
2250100779484
2250100783715
2250100764170
2250788192700
2250719869496
2250719860635
2250719802827
2250100718082
2250100720050
2250100752270
2250100743997
2250100778047
2250100778511
2250100751474
2250100786472
2250788121423
2250100764520
2250719897132
2250100724946
2250100791209
2250719854661
2250100722728
2250100787658
2250100705714
2250100786272
2250100756367
2250100795515
2250100780147
2250100778197
2250100745411
2250100740237
2250100737661
2250100763865
2250100714772
2250788135495
2250100791950
2250100730461
2250719897670
2250100736145
2250100737415
2250100711178
2250719849049
2250100726937
2250788123833
2250719813090
2250788190479
2250788121519
2250100757049
2250100774524
2250100786402
2250719813528
2250719869876
2250100751270
2250100709393
2250100778124
2250100722791
2250100705473
2250100722333
2250100786356
2250100769458
2250100704956
2250100721641
2250100769450
2250100783694
2250100779683
2250100711632
2250719808323
2250788148416
2250100743129
2250100786056
2250100763886
2250100789656
2250100778909
2250100791672
2250100756994
2250100738121
2250100771075
2250100799485
2250100744525
2250100758793
2250100794659
2250719808842
2250100730891
2250100741189
2250100774926
2250100716421
2250719813847
2250100727244
2250100714359
2250100716137
2250100798666
2250100771924
2250100765718
2250100777341
2250100797821
2250100790911
2250100714172
2250100790917
2250100732149
2250100721229
2250100738300
2250100740337
2250100781672
2250719802225
2250788190859
2250719897250
2250100768855
2250719869057
2250100765326
2250788121630
2250100798091
2250100726567
2250100780201
2250719860794
2250100782104
2250100705090
2250100705159
2250100747840
2250100705623
2250100714511
2250788135646
2250100709538
2250100755052
2250100769187
2250100706884
2250100740755
2250788109537
2250100732590
2250100758890
2250100752334
2250100720422
2250100715837
2250100733109
2250100782201
2250788109190
2250100791489
2250100709694
2250100790722
2250100795798
2250719869808
2250788169809
2250100753235
2250100782978
2250100775414
2250100764564
2250100771422
2250100782976
2250100786436
2250719813361
2250100710316
2250100792906
2250100724461
2250100711244
2250788178011
2250719853882
2250788109891
2250100709895
2250788109894
2250100753150
2250100780386
2250100789138
2250100753017
2250100781153
2250100747023
2250100789032
2250100743398
2250788178762
2250719813563
2250719853087
2250100717929
2250100726389
2250100764497
2250100768335
2250100776508
2250719854898
2250100705927
2250100742556
2250100716720
2250100705921
2250100743714
2250100753653
2250100743490
2250100742888
2250100795259
2250100785612
2250100736406
2250100758976
2250788123008
2250100767369
2250100733042
2250100755932
2250100772622
2250100779726
2250788123000
2250100742908
2250100706334
2250100711169
2250100740551
2250788123007
2250100763556
2250100714816
2250100777436
2250100764744
2250100772153
2250100798839
2250100779817
2250100722666
2250100769948
2250100751711
2250788190707
2250100797152
2250100752943
2250100790119
2250100774438
2250100747382
2250100770878
2250100768165
2250100736495
2250719802059
2250100789832
2250100741391
2250100763009
2250100768381
2250100750818
2250788169642
2250100763000
2250100779266
2250788192785
2250100755840
2250100755091
2250719860187
2250100785283
2250100740970
2250100772751
2250100764266
2250788123898
2250100781131
2250100783653
2250100781135
2250100724110
2250100711364
2250100761198
2250100779860
2250100716740
2250100795272
2250100775480
2250100779866
2250719869260
2250100785675
2250100726106
2250100756483
2250100781501
2250100719097
2250100720619
2250100797835
2250788121964
2250100714142
2250100720615
2250100732655
2250100756489
2250719802945
2250100781662
2250100709551
2250788135274
2250100779425
2250100770715
2250788190848
2250100710294
2250100726691
2250100714963
2250100757408
2250100772248
2250100782127
2250100726512
2250100738383
2250100715406
2250100706896
2250100750281
2250788123431
2250100743824
2250100777093
2250100743822
2250100721910
2250100775502
2250100776706
2250100764045
2250788135653
2250100794632
2250100741699
2250100761958
2250100791591
2250100792881
2250100724832
2250100719893
2250100758103
2250100777896
2250100756575
2250100771571
2250100780172
2250100785417
2250719802938
2250719854166
2250100751402
2250100719227
2250719802933
2250788191219
2250100709257
2250100782799
2250100791825
2250100767411
2250719838911
2250100704366
2250100705887
2250100765430
2250100783573
2250100794354
2250100778353
2250788109656
2250788135176
2250100767026
2250100714668
2250100799842
2250100757494
2250788191945
2250100705941
2250100779609
2250100797522
2250100742532
2250100727075
2250100767322
2250100797523
2250719869583
2250788178773
2250100799018
2250100778779
2250100769996
2250719860924
2250719869588
2250100747352
2250100720444
2250100787509
2250788109036
2250719802881
2250100770360
2250100714219
2250100751613
2250100714217
2250100764255
2250100774671
2250100785609
2250100790749
2250719838047
2250100767357
2250100742540
2250719897196
2250100745206
2250788123192
2250100756399
2250100745938
2250100744150
2250100745010
2250100794846
2250100775110
2250100786347
2250100787941
2250788169764
2250100779697
2250788191138
2250100779519
2250100706803
2250100787215
2250100778910
2250100771684
2250100724151
2250719854575
2250100794648
2250100710035
2250100799717
2250719854270
2250100710747
2250100775597
2250100716144
2250788192582
2250719854831
2250100776676
2250100765895
2250100764227
2250100724905
2250100747124
2250100744335
2250719854621
2250100714740
2250100736237
2250100717527
2250788121096
2250100712172
2250100716323
2250100785349
2250100770996
2250100791917
2250100789322
2250100795169
2250100705612
2250100742009
2250100750003
2250100756320
2250100782139
2250100737709
2250100755657
2250100794263
2250100763782
2250100770690
2250719860076
2250100717185
2250100718683
2250100709045
2250100771262
2250100720389
2250100720925
2250719808109
2250100743318
2250788123872
2250100774081
2250100782213
2250788109049
2250788178175
2250100715107
2250100780545
2250100721555
2250100792404
2250100761074
2250100726975
2250100740563
2250100772020
2250100791492
2250100795394
2250100741866
2250100709297
2250100767519
2250100757995
2250100768138
2250100704531
2250100776420
2250100791255
2250100730496
2250100750483
2250788191869
2250788178002
2250100791861
2250788192911
2250100758815
2250788148926
2250719802844
2250788190787
2250100782996
2250100714890
2250100733605
2250100724517
2250100792875
2250719854723
2250788135449
2250100704353
2250100717294
2250100704350
2250100704212
2250100790198
2250788109938
2250100764507
2250100779897
2250100785563
2250100785560
2250100722818
2250100767404
2250100753453
2250100774049
2250100722956
2250100795068
2250719853459
2250719853985
2250100772341
2250100743968
2250719849534
2250100750575
2250100755672
2250100736546
2250100737643
2250100767799
2250788191931
2250100706328
2250100795369
2250100799105
2250788178625
2250100733116
2250100789756
2250100758607
2250100761464
2250719897756
2250100799450
2250788192544
2250100732354
2250100732427
2250100733691
2250100761116
2250100744840
2250100776039
2250100764579
2250100775958
2250100791274
2250100756512
2250719853632
2250100757970
2250100765519
2250100730639
2250100718290
2250100782904
2250788121476
2250100751252
2250788191572
2250100722778
2250788148903
2250100798354
2250100765908
2250100747390
2250100770906
2250100706786
2250719853731
2250100736481
2250100770869
2250719897383
2250100756167
2250100787959
2250100717479
2250100738093
2250100756242
2250788169679
2250719813484
2250100756086
2250100780299
2250100750202
2250100758026
2250100720351
2250100761895
2250719838414
2250100795807
2250100785079
2250100755453
2250100771052
2250100726291
2250100710699
2250100717875
2250100711682
2250100730060
2250100712923
2250100765637
2250100779598
2250100726765
2250100721975
2250788135365
2250100757161
2250100726135
2250719838362
2250100738855
2250100787880
2250100768979
2250719853857
2250100753850
2250788109841
2250719838990
2250100791198
2250100752075
2250100790585
2250100757553
2250100782167
2250788190588
2250100716677
2250100726227
2250100745164
2250100761806
2250719808833
2250100718839
2250100741524
2250100751009
2250100745169
2250100742629
2250100710801
2250100782340
2250100709735
2250100761632
2250100715174
2250100780576
2250100771171
2250100718496
2250788190622
2250100764541
2250100775961
2250788190626
2250719854681
2250788190625
2250100721408
2250100717013
2250100719576
2250100764421
2250100782293
2250100795025
2250100751454
2250100712212
2250100751455
2250100787774
2250100737601
2250788123262
2250100706100
2250100752222
2250788192928
2250100705737
2250719802097
2250100747919
2250719808632
2250100711543
2250100740196
2250100778560
2250100758337
2250100756018
2250100799792
2250100753176
2250100705958
2250100756010
2250100778580
2250100718150
2250100736169
2250100736041
2250100742935
2250788135942
2250100797028
2250100790752
2250100783114
2250100715981
2250719897188
2250788169695
2250788192504
2250788121539
2250100730365
2250100712284
2250100779769
2250100733941
2250100765080
2250100743733
2250100758935
2250100705412
2250100745232
2250719869000
2250788148266
2250100738215
2250100721660
2250100791360
2250100791361
2250100797975
2250100745124
2250100768949
2250100763700
2250100779542
2250100792268
2250100724349
2250100761997
2250100733267
2250719854347
2250100738694
2250719897422
2250100769095
2250100721818
2250100768545
2250100765844
2250100776621
2250100755416
2250719802571
2250100769485
2250100722287
2250100755147
2250100718275
2250719860768
2250100718277
2250100715350
2250100740600
2250100717550
2250100783505
2250100798545
2250100753811
2250100764882
2250100791096
2250100787608
2250100714585
2250100782516
2250100705608
2250100789337
2250100791907
2250100789333
2250719849363
2250100737288
2250100737284
2250100789339
2250100798165
2250719897873
2250100737736
2250100798169
2250788109517