22897571971
22897574975
22897592973
22897761973
22898896971
22899935971
22897599718
22897530719
22897741712
22897782712
22898839712
22899954712
22899922712
22897704713
22897708713
22897739713
22897747713
22897751713
22898832713
22898880713
22897581710
22898836710
22898840710
22899939710
22899950710
22897782711
22898806711
22898864711
22898876716
22899940716
22899951716
22870957711
22870974716
22870903717
22897517717
22870949715
22870981715
22897513715
22897535715
22897581715
22897751715
22870954419
22879405418
22879491419
22897724419
22897772419
22897787419
22870975149
22870930148
22870953147
22870968147
22870922145
22870911144
22870925143
22870930142
22870918417
22870920142
22870928141
22870946416
22870954141
22870971414
22870996415
22897511141
22897540414
22897547140
22897560140
22870931986
22870949986
22897524986
22897510370
22897540370
22899982370
22899907371
22879421371
22899995371
22898894372
22899918372
22899952372
22898849373
22899977373
22870978373
22879405373
22897535373
22897772374
22898820374
22870999374
22899945373
22899983373
22897533375
22897779376
22899987376
22899936377
22870901377
22870921377
22870957377
22870934378
22897549378
22897704378
22897585379
22897587379
22870936082
22897589082
22870922080
22870955081
22897566081
22897531086
22897510087
22897563087
22897529084
22899945085
22870973085
22870956954
22897508955
22897545956
22870958957
22870939950
22870930951
22870975950
22870927953
22870939953
22870965953
22899959952
22897551956
22870990958
22870994959
22870948959
22870976959
22870980959
22897569958
22897706959
22897711958
22898834958
22897773959
22899917959
22898845940
22899955940
22870933608
22870975608
22897540608
22897700609
22897521604
22870971605
22870974606
22879462605
22870961600
22870953601
22870976601
22870913603
22870924603
22870954603
22897521602
22897522601
22897565603
22897586600
22897592603
22897760602
22898807603
22879458668
22897511668
22897543669
22897569721
22870933662
22879426662
22898880720
22870972663
22897534663
22897557663
22870960589
22898866663
22897558660
22870907588
22870912588
22899923663
22899963588
22897567661
22870972587
22899974587
22899992587
22870971666
22897516666
22897519666
22897520666
22870973586
22898867667
22898843585
22870947585
22870981585
22898880727
22897577664
22897772584
22898847584
22898873584
22897700664
22870956584
22899960583
22870912583
22870982583
22870987584
22870995584
22898800582
22898805582
22899914582
22870957582
22897580583
22899917581
22899969581
22899996581
22897574580
22897764580
22897799580
22899991726
22897525687
22897713725
22899993725
22897518680
22899997820
22899962821
22870939821
22897552689
22870905125
22870940125
22897571125
22897765125
22897780125
22899952432
22897790124
22897793125
22899917124
22899970124
22897557127
22870946126
22870965126
22897546121
22897528123
22897534123
22897521122
22897540129
22897786129
22897794129
22898841129
22899934129
22898856128
22897527438
22899966438
22870926598
22870970599
22897512599
22899994598
22899903594
22870922594
22899947596
22870931594
22870983594
22870998594
22870973590
22870904591
22870914591
22870915591
22897538593
22897575593
22897591597
22897705593
22897721592
22897730593
22897745593
22897572668
22898805668
22899940668
22870910668
22870943669
22870946668
22897579662
22897765662
22898868662
22897793663
22897595660
22897726660
22897757660
22897750661
22897780661
22898851660
22897706666
22897744666
22897793664
22898824667
22870957665
22897513665
22897590665
22898849491
22898876491
22870958491
22897571491
22899991491
22897513490
22898840490
22899938490
22897512493
22897791493
22898871493
22870925492
22898893492
22899977492
22870937495
22898812494
22898864494
22870907497
22870912497
22870919497
22899998497
22897768496
22879491496
22897502496
22897507496
22870918496
22870977499
22879462499
22897532496
22898842496
22898895496
22898805498
22897582498
22879421894
22897594894
22897766894
22898806894
22897589498
22879439897
22898834897
22899905897
22897527896
22897564896
22897575896
22897582896
22897722896
22898823891
22899938891
22897525890
22897537890
22899907890
22870908176
22898879893
22898890893
22899992893
22897725892
22899928892
22898818899
22898850899
22870937175
22899987175
22897501172
22870928173
22897500170
22870935170
22899982170
22899983961
22899986961
22898853932
22898859932
22899976932
22897573933
22897537936
22870935932
22870934933
22897740935
22897747935
22870947933
22870966931
22870977931
22870939937
22870991934
22870978935
22870917938
22870916939
22870998938
22897517939
22897586938
22897593939
22898877730
22898887730
22899980730
22897746731
22897781731
22897786731
22898878731
22899928731
22870940732
22897792732
22898875732
22898892732
22899995732
22897786733
22898800733
22899996732
22897543734
22897771734
22897715735
22897746735
22898830735
22898854735
22898875735
22897795736
22899953735
22899912736
22870932737
22897523737
22897554737
22897740737
22899971737
22897514738
22897559738
22897589738
22897595738
22897727738
22897518739
22897785739
22898890738
22897583103
22897701103
22897592102
22897753102
22897796459
22897756103
22898800102
22879460107
22897504107
22870983454
22870995454
22897528454
22897703454
22897567457
22897583457
22898819457
22898827457
22898841457
22897734456
22897753456
22897540108
22897506453
22897531450
22897574453
22899922452
22898864792
22898890792
22870996792
22899977792
22898823793
22898863793
22899905793
22870905793
22899995793
22897705790
22898846790
22898865790
22899943790
22870906791
22899972257
22897537257
22897797257
22898888257
22898843796
22897722256
22897761256
22898800256
22870927257
22897705797
22897558255
22897742255
22897745255
22898821255
22897511794
22897587794
22897589794
22897760254
22897776794
22898871795
22898833253
22898862253
22870978794
22870965254
22899968795
22897752252
22897785252
22899937252
22870940252
22870953252
22897703251
22898899251
22870962251
22870997252
22899998252
22897596250
22897711250
22897715250
22897785250
22898853250
22897534250
22897750259
22899916258
22870988071
22870989071
22899937071
22899999071
22870966640
22897752640
22897715642
22897788642
22899956312
22897568644
22897733644
22898863644
22899936644
22899969644
22898854645
22897572643
22898820643
22897733645
22898841645
22898847646
22898833647
22899949648
22897515649
22897569318
22897754318
22898869318
22899968318
22897707319
22898821319
22870916918
22870980919
22897503912
22897524910
22897535910
22897532915
22870981916
22870994916
22897535914
22897545916
22897559916
22897569916
22897599914
22897704916
22897705916
22899941917
22898840030
22897719189
22870946188
22870952188
22897706188
22879412183
22898866182
22898882182
22899962182
22870912182
22870990182
22898854181
22870900181
22870905181
22899995182
22899999182
22897761180
22899912180
22899945180
22870911180
22870937180
22898801187
22870965187
22897504186
22897599186
22898871185
22898882185
22870952185
22870981185
22898816859
22899985859
22899912858
22899961858
22897706039
22870934039
22870936039
22897784851
22898881851
22897539850
22897552850
22898800850
22899990850
22897720853
22897724853
22897759853
22897792853
22898858853
22897766852
22898806852
22899912853
22899955852
22897579038
22897758038
22898834038
22898857038
22899914855
22899917038
22899928855
22899944855
22898800857
22898804857
22898852857
22899918857
22899984857
22899933856
22899964856
22870901684
22870937684
22870900685
22870976685
22898806686
22898807686
22898821686
22899924686
22897511686
22897540687
22898878687
22899938687
22899948687
22870944687
22897738680
22898829680
22899904680
22899910680
22899956680
22897779681
22899940681
22870941680
22870909681
22870943681
22897720682
22899918682
22899922682
22897583683
22897731683
22897775683
22899946329
22897500329
22870907683
22899972328
22897513328
22897549683
22899989329
22898863327
22898892327
22897505327
22870927327
22870913327
22899906326
22870935326
22870945326
22899938325
22899943325
22897760325
22898840325
22870992688
22898838324
22870937324
22899987688
22870975689
22897795323
22870904323
22870915323
22870962323
22870968323
22897748322
22898838322
22898889322
22899935322
22870984322
22898885321
22897509321
22897559321
22897741320
22897756320
22898899320
22899920320
22870917320
22870963320
22897563320
22897594529
22897580528
22897583528
22897500521
22870900520
22897505520
22899982520
22897782522
22897785522
22898857522
22899917522
22899927522
22897546525
22897588525
22897715525
22897732525
22897733525
22897577524
22897796525
22898831524
22898893524
22898888525
22870930524
22897506527
22897785526
22897796526
22898801526
22899931526
22899949526
22899957526
22870908526
22870972526
22897593947
22897736947
22897772947
22898804947
22898819947
22897550946
22897787946
22898812946
22898815946
22898822947
22897553945
22898827946
22898828945
22898860946
22897766944
22898814944
22899914944
22899968944
22897730943
22898821943
22899954943
22898868942
22897763941
22897709940
22897781940
22870939479
22870902478
22870946479
22870955479
22870992478
22897513479
22897533473
22897730472
22898844472
22897719471
22899906471
22897731477
22898845477
22899927477
22897768476
22898862476
22898867476
22898873476
22898811475
22898854475
22898872475
22898866388
22899920388
22899932388
22899939388
22897784949
22898846949
22898886949
22898887949
22899901948
22899954948
22897744380
22898803380
22899929380
22898866383
22897753382
22897787382
22897559385
22897779385
22897789385
22898874385
22899912385
22879421384
22879439384
22897739384
22897782384
22898866384
22898822387
22899906384
22899918387
22897599386
22897736386
22899931386
22897565877
22897737877
22898853877
22899960877
22897762876
22897784876
22898808876
22898864876
22898802873
22899900872
22899926870
22899958875
22870992874
22870952873
22870909872
22870903871
22870918870
22870974879
22870915878
22897534878
22897710879
22897747879
22897776879
22898846878
22899927878
22897529218
22897544218
22897705218
22870981213
22870964212
22870900211
22870912211
22870953211
22870972211
22897502211
22897555211
22897721217
22870997216
22897541216
22897597215
22897722215
22897725215
22870998214
22897531214
22897728214
22899930244
22870910244
22870924244
22870946245
22870960244
22897508245
22870913241
22870932242
22870964242
22870975247
22870992241
22897505243
22897519243
22870967248
22870900249
22870933249
22870994249
22897719249
22897724249
22897745248
22897758249
22897769249
22897773249
22897550176
22897553176
22897782176
22898801176
22898824176
22897580177
22897718177
22898827176
22898891176
22897501176
22897712174
22897716174
22897763174
22897788174
22870919174
22898848175
22870904175
22870937174
22870993792
22897768792
22898802792
22898850792
22897720024
22897733024
22898838025
22897540026
22898868026
22897762027
22897524793
22897532790
22897547791
22897734796
22879405797
22870979794
22897745795
22897745798
22897782798
22898821798
22897747170
22899981171
22870984171
22870915171
22897547171
22897579178
22897587178
22897700179
22897707179
22870909522
22899944525
22870970525
22870945110
22870974111
22870984111
22870994111
22897789111
22898810111
22870901112
22870915112
22898813111
22898848112
22898883112
22898890113
22899915112
22899920113
22899923113
22899990112
22870945114
22870966114
22897580114
22897749114
22898833114
22897509115
22898847114
22898869114
22897515115
22898884115
22870980116
22898894115
22897550116
22897720116
22897790116
22870931117
22898871116
22899951116
22897729117
22897754117
22899980117
22897588118
22897777118
22899916118
22899979118
22870911119
22897579119
22897737119
22897777119
22898820119
22897589569
22898896569
22899984569
22899989569
22899933568
22899956819
22897758819
22897710818
22897762818
22899955815
22899978815
22899901814
22897764819
22897781819
22897580815
22897515814
22897568814
22897726814
22897730815
22897521817
22897582817
22897731811
22897591810
22897724810
22897738813
22897728812
22898874106
22899927106
22870932046
22897526046
22897739046
22897756046
22897786046
22870943047
22897534047
22899909047
22899924047
22899987046
22899949044
22898849044
22898876044
22898897045
22899926045
22899928045
22898867045
22898894045
22870969045
22897586045
22897594045
22897797045
22898834045
22897561042
22897743042
22897764042
22897777042
22898811042
22899920040
22899926040
22899974040
22897554043
22897591043
22898885041
22899904041
22879458040
22897531040
22897543040
22897700041
22898860041
22898875041
22899961048
22899993048
22897583631
22897777631
22898834631
22899992631
22897525630
22897712630
22897755630
22898889630
22899927630
22897581633
22897531222
22897558222
22898834222
22897524223
22897737220
22897744221
22899909221
22899927220
22897744226
22897747226
22897773226
22897798226
22897532227
22897750227
22897585224
22897591224
22897743228
22898855228
22898824229
22898871229
22899971229
22899952634
22897780637
22898829637
22898844637
22897587636
22898804636
22898895636
22899910636
22899937636
22899958639
22899963636
22897716538
22898847538
22899983536
22879458832
22870912832
22870951831
22898804839
22897541839
22897543839
22897573839
22898872838
22870978838
22870916838
22870947838
22899987838
22897501830
22897527830
22899982830
22897533833
22897556833
22897712833
22897717833
22897724833
22897560832
22897705832
22897707837
22898815833
22870957833
22897586831
22899909839
22899950839
22897714839
22897759839
22897792839
22898803839
22899913833
22899939833
22899915832
22897722831
22899944837
22899961836
22899921837
22897757831
22898832831
22898897831
22897750830
22899951830
22899964830
22897563837
22879421836
22870978834
22897524834
22897545836
22897546835
22897560836
22897583836
22897701835
22897753836
22897704834
22897777834
22899904834
22899967834
22898810835
22898834835
22898894835
22897706275
22898842275
22898846275
22899973275
22870943208
22899973209
22870992209
22879426208
22897561209
22897566209
22897759209
22898819208
22870911200
22870925200
22899917202
22870959202
22870943203
22870963201
22870910205
22870931206
22870936205
22897544274
22899921274
22899951274
22870963206
22870985207
22897560206
22897562207
22897565207
22897541277
22897732277
22899974277
22898840277
22899906277
22899996548
22897546543
22897578543
22899975543
22899989543
22899990543
22897574542
22899930541
22899972541
22897701540
22899952540
22898885547
22899992547
22897761546
22899905545
22899919545
22899913544
22899948544
22899900791
22899961791
22899970791
22898804008
22898898008
22899983008
22899981009
22899985009
22899907797
22899940797
22899963002
22897741002
22897743002
22897749002
22897769002
22899950003
22898839002
22897748003
22898898990
22899937990
22897551991
22897577991
22899953994
22897705991
22897713991
22898899991
22897535992
22897542992
22897770992
22898833992
22897548993
22897542994
22897788995
22897707996
22897794997
22897735998
22898881999
22897595006
22898822007
22898827006
22897719004
22899929007
22899933004
22899938007
22897788005
22899947005
22899984005
22870977360
22870909360
22870927367
22870929367
22898871200
22899949200
22899985200
22897727161
22897770161
22898838161
22899908161
22897797163
22898841163
22898871163
22897594162
22897569164
22897740166
22897777167
22897780169
22898869169
22898884169
22898891166
22899912166
22897702168
22897751168
22898841168
22897507366
22897509366
22870988366
22897587366
22899975675
22897727675
22897729674
22870996365
22897794365
22899986365
22899995674
22897530677
22897703677
22897740677
22898818677
22898827677
22897551676
22898808676
22898884676
22898888676
22898895677
22897714671
22898808671
22899997671
22897577670
22897578670
22898844670
22897758003
22898850003
22870916364
22870976364
22897765673
22897786364
22897574672
22898829673
22898838755
22898840364
22899979672
22898830000
22899918679
22899945679
22899951679
22899971679
22899981678
22899995678
22899998678
22897564001
22897743001
22897787001
22898857001
22898857753
22899901001
22899920753
22898833006
22898864006
22899923006
22899943750
22899945750
22899973006
22897558626
22897704627
22898805627
22898851627
22870954624
22897525624
22897558624
22897756624
22870946625
22870991625
22897504625
22897792625
22898886625
22897793622
22897548623
22897714620
22897566621
22899902628
22899943628
22870908628
22870924629
22870942628
22897554629
22897718629
22897728629
22899953697
22870942697
22870955697
22870997697
22897560697
22897585697
22897734696
22897762696
22898863696
22899900696
22898820695
22899933696
22899994696
22898818694
22897572694
22897799694
22898849693
22870941693
22898854692
22899951692
22870936692
22870950692
22899910794
22897748691
22899935691
22899966691
22870951691
22899951794
22870917690
22870920690
22897570691
22879462690
22897708691
22897725082
22897727082
22899976082
22897779083
22897593080
22897716081
22898823081
22899919086
22897779087
22897722084
22897774084
22898878087
22897595085
22897740085
22897799085
22898805085
22897725088
22897781088
22898847088
22898855088
22899905089
22899969699
22897522699
22897703699
22899986699
22870910698
22898878698
22898887698
22898830496
22899987499
22897798616
22879460802
22870934802
22879426803
22870922800
22870979801
22897752615
22899981615
22870928806
22870935806
22870984806
22870973807
22897527807
22870904804
22870963804
22898846805
22899999805
22898831614
22899986614
22899997614
22897515808
22899991808
22898886612
22899902611
22899929611
22897799479
22899981479
22897514569
22870928568
22897530568
22897543568
22870954565
22870920564
22870986564
22870930566
22870954566
22897500561
22870968563
22870977563
22870980562
22897512567
22897514564
22897587560
22897732566
22897714561
22897734560
22897732563
22898833562
22870968389
22897511388
22897501389
22897554388
22897794388
22898823389
22898897389
22898840388
22870980381
22879412381
22879432380
22897501380
22870901381
22870912381
22870920383
22870926381
22870941380
22870945384
22870964383
22870971384
22899957385
22899970385
22899955384
22897536387
22897553386
22870981051
22898864051
22899968050
22899906050
22870969053
22879432052
22879458052
22870925055
22870968055
22898873054
22870909054
22898875057
22870995057
22898879057
22899909057
22897763056
22897789056
22898880056
22898892056
22898841059
22870965059
22897514058
22870966895
22879491894
22870954894
22897502896
22897506896
22879460891
22870933896
22870947890
22870923893
22870972893
22870987892
22870991897
22870908899
22870947898
22870967899
22870988898
22897525899
22897546898
22897597898
22897707898
22897719899
22897748898
22898877898
22897598510
22897717510
22898822510
22899967409
22879439409
22899964406
22870951406
22898869407
22898891407
22897536404
22897526405
22897768405
22898857405
22898899405
22870948405
22898842402
22899929402
22899930402
22899972402
22897511405
22897544403
22897554403
22897733403
22870961402
22897501402
22897555400
22897755400
22898852400
22898858400
22870994400
22897565401
22898841401
22879439401
22870937400
22870916778
22870938778
22897531778
22899940778
22897529779
22870987775
22899982775
22870961776
22870964776
22897759777
22898803777
22870970777
22870977777
22870988777
22879432770
22897704777
22897711770
22870995771
22897715771
22898881771
22899986771
22870930046
22897501731
22870953732
22870993732
22870997734
22879462734
22870956735
22879460736
22870991737
22870942738
22879458042
22870925044
22870913043
22870950042
22870906041
22870902041
22870914739
22897508049
22897500739
22897559048
22897598049
22898860048
22898896048
22899907049
22899910049
22870966549
22897504548
22897527549
22897561548
22897581549
22898855548
22897539543
22870951542
22870960541
22897544543
22870920547
22870914546
22879491547
22870900544
22897504547
22897516544
22897572546
22897593544
22899966546
22899959544
22899961544
22898824545
22897774544
22870958280
22870998280
22897544280
22898827280
22899934280
22899998674
22897721281
22897775281
22898867281
22899903281
22899977281
22897725293
22898859293
22899903293
22899904293
22899915293
22897592292
22898840292
22898887292
22899936292
22897704757
22897551291
22899970291
22898862290
22899948290
22899976290
22899978290
22899981282
22899931297
22870931295
22870962295
22898865299
22870963299
22870986299
22897506299
22897559299
22899939298
22870910298
22897550298
22897570299
22897758298
22899955284
22897778286
22898803286
22898818286
22899972287
22899982287
22897590280
22897592280
22897757280
22897577281
22897765282
22898814283
22899979286
22898801284
22899925284
22899919285
22899970285
22899915286
22870955283
22870960284
22870932286
22870911287
22870921287
22870916289
22899936289
22899950969
22898817968
22870941068
22870963069
22870970069
22897504069
22879405064
22897500064
22870923066
22870928066
22870938067
22897525068
22870948062
22897531061
22897534060
22897535061
22897554063
22897556063
22897748062
22897793060
22898818061
22897754062
22898805063
22897533961
22897742961
22897777961
22898801961
22898809961
22897700960
22898817961
22898845961
22898891961
22898863960
22899935963
22899963963
22897563962
22897716962
22897773962
22898807962
22898813962
22897569965
22898826962
22898826965
22898884962
22899901965
22897774964
22898800964
22898895964
22899905965
22899980965
22899902967
22899929967
22870930837
22898802424
22899910424
22899941424
22897771425
22898807425
22898816425
22898828425
22898846425
22897789426
22897790426
22898865425
22899938425
22898836427
22899905427
22899958427
22898807420
22898838420
22898861420
22898887420
22898893420
22897753421
22897779421
22897791421
22899918421
22899946420
22898839422
22899947422
22899951421
22899973421
22898825423
22898863423
22899959428
22899990428
22899998428
22897768429
22899903429
22899933429
22899954429
22899924314
22898825312
22897784310
22898855310
22898873310
22899901310
22898882028
22870979859
22870933858
22870989858
22870999858
22897515858
22897536858
22897742859
22897779858
22897562851
22870910850
22870933853
22897511852
22870927852
22879405854
22870934852
22870952857
22870967853
22870971853
22879412855
22897552854
22897568854
22897731854
22897766856
22897793856
22898813856
22870924345
22879439344
22897561344
22897758344
22898845344
22898876344
22898800347
22898813347
22870903344
22870941347
22899996344
22897704346
22897752346
22897772346
22870909346
22870916346
22897522341
22897543341
22899909341
22899926341
22899978341
22899923340
22899925340
22899943340
22870970341
22870982341
22897584343
22870931343
22898829343
22870933983
22870971983
22897798342
22870902342
22898888343
22899927982
22870958982
22870965982
22899979981
22897514981
22870911980
22870957980
22870962980
22897548980
22899994980
22897798987
22870916987
22897560986
22897726986
22898861986
22870950349
22870995349
22897582985
22897584985
22897705985
22897728985
22898878985
22898866984
22870999349
22897518348
22897581989
22897768989
22870938504
22899981504
22897538058
22897522503
22897550503
22870947501
22897570501
22897707501
22898859929
22898835928
22899903928
22899937928
22899953928
22897513837
22899923925
22897778924
22898873924
22897554927
22897713927
22898820927
22897715926
22897736926
22897776926
22897574921
22897749921
22898890921
22899948921
22899957921
22897556920
22897715920
22898827920
22898894920
22899958921
22899960923
22898823268
22870911268
22870906269
22870934268
22898875264
22898875265
22898881265
22899978265
22870992267
22870972264
22897545265
22870913263
22870921261
22899928264
22897797262
22897582263
22899919033
22870992033
22870906033
22898839032
22898889032
22870983032
22897542032
22870906032
22897548031
22897586031
22870943031
22870946031
22898868030
22898882030
22870985030
22897510030
22897539030
22897583030
22897729030
22897587037
22897796037
22898835037
22897769036
22899960037
22899975036
22870950035
22898830035
22899941035
22899966034
22897507034
22870967034
22897568034
22897767034
22897795034
22898820034
22898828034
22897530008
22879405009
22897561009
22897595008
22897701008
22897778009
22897516002
22899971003
22870923003
22870960003
22870930001
22870945001
22870906007
22897523007
22870961005
22870914005
22870983005
22870992005
22897527001
22897547007
22897547038
22897566005
22897767005
22898880468
22899935468
22898815469
22897538460
22897546460
22899916460
22899988460
22897529461
22897711461
22898811461
22898899461
22899911461
22897746462
22899940461
22897732463
22897747463
22897754463
22899910463
22899921463
22897752464
22897784464
22899980464
22898855465
22899929465
22899947465
22897742466
22897744466
22899915466
22897745467
22898808467
22899956467
22899985467
22898831158
22899901158
22898810491
22897553490
22897519493
22897549493
22897551492
22897744492
22897771492
22897727495
22899923499
22897772495
22897794495
22897575494
22897583494
22897733494
22897772494
22897569497
22897754496
22898806499
22897708498
22870903154
22870943154
22897721154
22898898154
22899959154
22899942155
22879491154
22897505155
22897508155
22897551156
22897707156
22897736156
22898858156
22897726157
22897778157
22897513157
22897548157
22870995157
22899934150
22870945150
22897550150
22897708150
22897752150
22898828150
22898861150
22899931150
22897793151
22898818151
22897555152
22897702152
22899932151
22899977151
22870957151
22897542153
22897555153
22897576153
22897717153
22898848153
22899944153
22898834098
22899981098
22899992098
22898889095
22899900095
22897737095
22898887095
22897589094
22898826094
22898867094
22899944094
22897558097
22897589097
22897763097
22897706096
22897745096
22898877096
22899962096
22899998096
22898821091
22899957091
22898839090
22899922090
22897730093
22899939092
22870906909
22870948908
22870988909
22870991908
22897580909
22897718908
22870973903
22870919902
22899949901
22899962901
22870934901
22897763906
22899968906
22898811905
22897796904
22898884904
22897500901
22870969907
22870983907
22879432906
22879460906
22897555905
22897588904
22897536720
22897775239
22897798239
22870929239
22879405239
22897564238
22898837238
22870926238
22870986238
22897552238
22870910235
22899984235
22898866234
22870940234
22898825237
22898836237
22897570236
22897538231
22897727230
22899994230
22897570233
22897578233
22898898232
22898837666
22898885666
22899931666
22898881667
22899941667
22899997664
22870923619
22897506618
22897591618
22897726618
22870924617
22897576617
22897745617
22899914616
22870991616
22870923616
22897520616
22897535616
22899936615
22899947615
22897501615
22870955615
22897705616
22870982614
22897568594
22897543615
22897565615
22897572615
22897708613
22898894595
22897766614
22897758594
22898821594
22870990612
22897586612
22897723613
22898834613
22898860612
22870975611
22897539611
22897728611
22897755611
22897763596
22898806596
22897707590
22898872611
22897717597
22898864597
22899908597
22897773590
22898831590
22898889590
22898830591
22898857591
22898859592
22899970592
22897751593
22898850593
22899904593
22899969593
22897760329
22899924329
22898835328
22898869328
22899919328
22899927328
22899943328
22870959326
22870973326
22870997325
22870966324
22897533324
22897548324
22897713324
22897584323
22897783323
22897556322
22897588321
22897584320
22897505323
22898856323
22898883323
22899901323
22898839139
22898884139
22897532159
22897589159
22897738159
22870977159
22870909159
22897773132
22898814132
22897709133
22897753133
22897783133
22899909133
22899906130
22897588131
22898809131
22899966131
22899969131
22897702136
22898897136
22897734137
22897756137
22898836137
22899983137
22898856134
22899983134
22899994135
22870952756
22897779757
22898803757
22898838757
22898888757
22899906756
22899975756
22897519756
22897776756
22897784756
22899921753
22899904755
22899939755
22870983753
22897510750
22870987751
22897509758
22870925758
22870946758
22870969759
22870976759
22897520758
22897758759
22898809758
22898810759
22870964157
22899991157
22870915151
22870940152
22897759888
22898802888
22898867888
22899926888
22898822889
22898870889
22899976889
22899986889
22897754883
22898809883
22898827883
22898835883
22899933883
22897751880
22899964880
22898868111
22899941111
22898816881
22898836881
22899926881
22898882886
22898852887
22899963887
22899994112
22899920114
22897714529
22899960529
22898811528
22870922529
22870911528
22870949528
22870998528
22897536528
22897704521
22898850521
22870980520
22897574520
22897582520
22897583520
22898815520
22897736523
22897770523
22898831520
22870996522
22897519522
22897577522
22897526525
22897529524
22897557527
22897563526
22899959116
22899978697
22897556345
22897580345
22898889346
22899929346
22898824341
22898848341
22898886341
22899943342
22898825340
22898887694
22899945694
22899939349
22870986340
22870958343
22879426342
22897598342
22899902349
22897710348
22898842348
22898881348
22899979348
22899911699
22899952699
22870901698
22897749705
22897774705
22899975705
22898867704
22898896704
22899985704
22899996704
22897564707
22897769707
22898873707
22899918707
22899928707
22897552706
22897565706
22897597706
22897728706
22898837706
22897595701
22897786701
22898852701
22899904706
22899995706
22897593700
22897712700
22898850700
22898896700
22899959703
22897797702
22898809702
22898820709
22898893709
22898879954
22897562955
22898856955
22899906955
22899981955
22898812956
22899965956
22897550957
22897733957
22897789957
22898850957
22899961957
22898851950
22899975950
22897549951
22897741951
22898869951
22899929951
22870917837
22897550952
22897562952
22897717952
22897726952
22898819952
22897786953
22898823953
22898843952
22898870953
22899948953
22899926959
22899984959
22870955198
22870958199
22870981198
22870987198
22897500198
22897507199
22897560199
22897746198
22899930190
22899969191
22897559190
22897766193
22898828193
22899902193
22898835194
22897766197
22899909197
22897781195
22898851195
22899934196
22898853195
22899936195
22897568196
22897503197
22899936197
22897587635
22897568244
22897596244
22897730244
22897755244
22897593635
22897574245
22897765245
22897530245
22899925246
22899980246
22897599246
22899967247
22898822247
22898860247
22899991819
22899938240
22897596240
22897700240
22897776240
22898835240
22899965241
22897538241
22897773241
22897798241
22898851241
22899935241
22897788242
22898852242
22898855242
22899933243
22898811248
22898812248
22898876248
22899956248
22897794249
22899911249
22898805814
22898816814
22899993299
22897528411
22897724411
22897762411
22898843411
22899932411
22870983410
22897712410
22897743410
22898850410
22899956410
22899974410
22899976410
22897742778
22897774779
22898871779
22870913778
22897546774
22897717774
22897739774
22898873774
22899971774
22897585775
22897721775
22898879775
22899925775
22898852776
22898863776
22899967776
22897747777
22897791770
22870919771
22897520773
22898886773
22870949653
22897755653
22897767653
22879462652
22870929652
22879460652
22898842652
22897769651
22898807651
22898826651
22898829651
22899999415
22897769650
22898890650
22899934650
22899957650
22870999657
22879412657
22898893657
22899924657
22897566657
22897711656
22897782656
22870963655
22870917655
22899956655
22899980655
22897553655
22897579655
22897721655
22897579654
22897584654
22897739654
22899907162
22870978162
22870924162
22870933162
22870910659
22870914659
22870962659
22870911658
22870938658
22897557658
22898865658
22899937658
22897706165
22898883165
22899952165
22897748164
22899903164
22899969164
22870941164
22870966164
22899966167
22899973167
22870959167
22898831198
22898804199
22899911199
22897577486
22897584486
22897729486
22897745486
22899997486
22897583487
22897765487
22898881487
22897573484
22897762484
22897708485
22897728485
22897775485
22898875482
22899922482
22899900483
22897581190
22899985483
22899989483
22899998190
22897500191
22897529191
22897750191
22897757191
22897707192
22879462193
22897514194
22897591195
22897751195
22899946197
22898876848
22897740849
22897751849
22897771849
22898805849
22898860849
22897735846
22897741846
22897795846
22898812846
22899908846
22898819847
22898829847
22899991847
22897570844
22897767844
22898877844
22897702845
22898848845
22898854845
22897733842
22898873843
22898880843
22897768840
22897797840
22899930840
22898872841
22898899841
22899986841
22898883507
22870985507
22899932505
22899939505
22897716503
22898811503
22898868503
22897759502
22898841501
22898848501
22899904501
22897743500
22897702504
22898891500
22870952502
22870925501
22870906500
22870905509
22870917508
22870966509
22870976509
22897541509
22897568508
22897717508
22897735508
22870979363
22897520362
22897703362
22898860360
22897724367
22897769367
22897778367
22898825366
22898833366
22898862367
22898877366
22897775361
22898847360
22897525366
22879412365
22897569365
22897518364
22897772369
22897789368
22898891368
22870964368
22898870718
22899916718
22879458718
22870974719
22870929718
22897518719
22897553712
22897738712
22897541710
22897555710
22897557716
22897594711
22898808717
22898825716
22898823714
22898828714
22898820715
22898884715
22898896717
22898887714
22870933346
22870942714
22870940715
22899989343
22899990343
22870942576
22870971576
22897779574
22897799574
22898801574
22897739575
22897720575
22897526575
22897527575
22899987575
22897530578
22897712578
22897530099
22897742098
22897773099
22898847099
22870979095
22870978094
22870937097
22870927096
22897513097
22870932090
22870944090
22870961092
22897519092
22897522094
22897530097
22899977097
22897590096
22897783091
22897794090
22897596093
22898877092
22870964645
22897501645
22897522646
22897764647
22899988647
22897502648
22897710366
22897511969
22870904969
22870934968
22897517968
22897738968
22897741969
22898859969
22899914969
22870998961
22870912960
22870944960
22870977960
22897515965
22870902964
22897509967
22870909967
22870936966
22870996964
22879432967
22879491967
22897535966
22897597967
22897575964
22898855966
22898832594
22870909631
22870984630
22870993631
22897507632
22897517631
22870902634
22870979637
22897505634
22870949639
22870953639
22870987638
22897521636
22897521638
22897536637
22897557639
22897576638
22899946539
22899923639
22897598638
22870902539
22870943539
22899902537
22899967537
22870994537
22870998537
22897512537
22870925537
22870926534
22870941537
22898876534
22897741535
22898863535
22898856596
22899996596
22897761532
22870999532
22870921532
22899965532
22870986533
22870933533
22897517533
22870939530
22870940530
22897548530
22899990597
22899942836
22898890558
22899999559
22897721550
22897729550
22899979550
22897587551
22897706551
22897728551
22898866551
22899900551
22899990552
22870982553
22897723553
22897724553
22897586554
22897700554
22897766554
22899936554
22897720555
22898814555
22899902555
22897720556
22897726556
22897788556
22899955556
22897775557
22897796557
22898814557
22898837557
22870967424
22870953425
22870999425
22897503426
22897519420
22870977421
22870924421
22870950423
22870972422
22897701423
22897746423
22897752421
22870945428
22870999429
22897545429
22897566429
22897594428
22897725429
22870976138
22870950139
22897524139
22897541139
22897548138
22897787139
22897597132
22870986133
22897704133
22870975131
22870934136
22870907137
22870941134
22897512135
22897539135
22897544136
22897555136
22897571134
22899933137
22899929137
22899969135
22879405257
22897796135
22899994257
22879412256
22898839255
22898842255
22898851255
22870950255
22870960255
22899988255
22897700619
22898836619
22898847619
22898870618
22899912618
22899944618
22898806617
22898829617
22898851617
22898895617
22898898617
22898804616
22899911616
22898896615
22899915612
22899967611
22870915612
22870910610
22898805610
22870974125
22870995127
22897711127
22897780127
22897797127
22898831127
22897714126
22897721126
22897722126
22898862126
22898883126
22897553121
22897510121
22870907121
22898818121
22897770120
22899974120
22899992120
22897791123
22879458123
22897507123
22897798123
22898808123
22897528122
22897562122
22897720122
22897734122
22897754122
22898853122
22870955122
22897513129
22899970128
22897521128
22870927442
22899951442
22897539442
22898845442
22899927442
22897534443
22897760443
22899985442
22899997442
22897551440
22897567440
22897761440
22898844440
22897758441
22899971441
22897748446
22898862446
22898895447
22897508447
22899948447
22899949447
22897581444
22897595444
22898852444
22898897444
22870943444
22899956445
22870963444
22870906448
22870914448
22897791449
22870921449
22899909449
22899913449
22897514572
22897767573
22898835573
22870993573
22870926573
22898845570
22899941570
22870993570
22879421570
22897515570
22897561571
22898814571
22898885571
22897590576
22898873576
22898875576
22870998576
22897503576
22897722577
22898816577
22898821577
22899934577
22870973577
22898826574
22898850574
22898828947
22899965947
22870938947
22870970946
22870967945
22870965944
22897511946
22897523944
22870918941
22870908940
22870953940
22870968940
22897529941
22897561942
22899936949
22899962949
22870923949
22870962949
22870987949
22870993949
22897503948
22897573949
22897597948
22897757949
22898838948
22899931578
22870905579
22870914579
22870951579
22897586579
22870962302
22870905305
22870941305
22870918304
22870904307
22870989306
22897576306
22897796306
22899974306
22879421712
22897510308
22897547308
22897740308
22898849308
22898856308
22898882308
22898892308
22870901308
22899987308
22870915713
22870947713
22879426710
22870904710
22898895442
22898897442
22899946440
22870954443
22870978440
22897526440
22879426446
22897524446
22897578446
22897585446
22897591446
22870958447
22897546447
22897577447
22898837447
22897557444
22897781445
22870960448
22897504448
22898872448
22870981449
22870990828
22870996828
22897546828
22897549828
22898888828
22870958829
22897533829
22897715820
22897761820
22899957820
22870955820
22870961820
22897720821
22898817821
22898830821
22899907821
22899920821
22897546822
22897559822
22897769822
22898815822
22898843822
22870990822
22870945823
22899990822
22870989824
22879462824
22897525824
22870960825
22897525825
22897512826
22870964826
22897553826
22899988826
22897592827
22897541079
22898862078
22870937078
22870916077
22870940077
22897768076
22899912076
22870931076
22899999076
22897738075
22897793075
22870984075
22897762074
22898879074
22898883074
22898844073
22879462073
22870949073
22897723072
22897756072
22898800072
22899979072
22879421072
22897717071
22897791071
22898858071
22898882071
22870913071
22897578070
22898847070
22899925070
22899962070
22870908070
22870989070
22897519070
22897588589
22897741589
22897748589
22897750589
22897573588
22897795589
22870989587
22897789587
22897566586
22897703586
22897741586
22898806586
22897534585
22897567585
22897575584
22897776583
22897788582
22898808581
22897520580
22899991389
22899985388
22870926929
22870928929
22870936929
22898826929
22897728925
22897596924
22870993927
22870990926
22870919921
22870922920
22870902923
22870907923
22870935923
22870967920
22870991926
22870997921
22897514921
22897514923
22897522923
22897544923
22899921922
22899978105
22870940675
22870935674
22870957674
22899934676
22899957671
22899935670
22897526674
22870917671
22870968671
22870929673
22870921672
22870979670
22870983671
22870988672
22897524679
22879439678
22897544672
22897585679
22897729679
22898842678
22898848679
22898868678
22899975678
22899947741
22899972741
22899982741
22899974740
22870904740
22870978740
22879412740
22879491740
22870997743
22899993740
22899921742
22899932742
22899952742
22897757745
22898894745
22899954745
22899980745
22870938745
22898846744
22899964744
22870921744
22870956745
22897521744
22897576747
22897585747
22898848747
22898858747
22899908747
22897787746
22897799746
22898824746
22899966747
22870936747
22898859749
22898874749
22897512746
22897522746
22897540749
22898800748
22898898748
22870936748
22897557749
22897559748
22870929468
22897509469
22897512469
22870981469
22897795468
22898875468
22897732468
22897764468
22870914460
22897500461
22897515461
22870982463
22870949464
22897517462
22870901466
22870928467
22870914467
22897520460
22897526462
22897545462
22897575467
22897711464
22898854465
22897739466
22897591467
22879412279
22897548279
22897558279
22897586279
22898807279
22897510278
22870996271
22879421271
22870961271
22899984271
22899989271
22870984270
22879458270
22870974270
22899946273
22899950273
22870979273
22897562272
22898825275
22898831275
22898837275
22870925275
22897539301
22898838301
22898884301
22898885301
22897715300
22897730300
22898855303
22899978302
22897535305
22897562305
22898858305
22899946305
22898818304
22899979304
22870995307
22897526307
22870959306
22897761309
22870986308
22879458658
22870905658
22897588088
22870903089
22870929089
22897529089
22897544089
22899997745
22879426747
22899993746
22897571802
22898898802
22897524803
22897551803
22897723803
22899919803
22899943803
22899916800
22899953800
22897556801
22898807806
22899916806
22899919806
22897528807
22899942807
22897738805
22897756805
22898865809
22870959808
22870987809
22899997809
22898822419
22898845419
22899901419
22899965419
22899977419
22897518418
22897750418
22897759418
22899931418
22898816836
22899904362
22897504362
22899995362
22898833361
22898870361
22899909361
22870992361
22870939361
22899933360
22899924257
22898892256
22899922256
22898886254
22899948254
22899910253
22899924253
22899931253
22899952252
22899960251
22897757255
22897537255
22897746253
22897755253
22898849259
22898856259
22898872259
22899922259
22899942413
22870949258
22897516258
22897531258
22897552364
22897749364
22897751412
22879462415
22897757412
22897767364
22897771415
22897774415
22897586414
22897780415
22898879414
22898886414
22897580417
22897734417
22898888417
22870902369
22898831369
22897575416
22897774416
22898881416
22899955416
22898837369
22899998368
22897527877
22870942876
22870985876
22897701875
22897505874
22898812874
22870984873
22897506873
22898872873
22898885873
22899923873
22897719873
22897736873
22897732872
22897743873
22897537871
22898861871
22899925871
22899982655
22899999655
22897537870
22897579870
22898857870
22899957870
22899973879
22897768033
22897785033
22898889031
22897786033
22897556789
22897572789
22897718789
22897703788
22897725788
22898832788
22898865788
22898867788
22898895788
22898896788
22898845783
22897584785
22897740785
22897536784
22897789784
22897524787
22897571781
22897584781
22897541780
22898836783
22897529782
22898836586
22898888990
22899910585
22870926991
22899988991
22898864992
22898886992
22870900992
22870959992
22870970992
22899922993
22899938993
22899993993
22897722994
22897746994
22898805995
22898814995
22898863995
22898880995
22899916995
22897770996
22897516995
22879426996
22899986995
22899991584
22897795997
22898878997
22898893997
22870904997
22870963997
22899968998
22897508997
22879439998
22897542998
22897564998
22870921999
22870967999
22870993999
22897564999
22899988583
22897573723
22897707723
22898894723
22870951723
22870978723
22898881722
22897581721
22897713721
22897775721
22898812721
22898813721
22898880721
22899950721
22898826720
22870945721
22870952280
22899930727
22899948727
22897790727
22898844727
22870935281
22897599726
22897725726
22897765726
22897766726
22897799726
22898860725
22899945725
22899947725
22870923726
22897550282
22898810724
22870980724
22870987724
22897517724
22897556284
22897580724
22897760284
22897700285
22897748285
22897756285
22897763285
22870991286
22897799285
22897576286
22897729286
22897582729
22870929287
22870979287
22897567287
22897571287
22897592728
22879439288
22897703287
22899911287
22897723728
22898802728
22898871288
22898893728
22899993728
22897716692
22899987692
22897774020
22898848020
22898866020
22897506021
22897708021
22897781021
22898801021
22899903021
22870956022
22898830022
22899985021
22899998022
22870902023
22870905023
22870919023
22897594023
22897792023
22897797828
22898820828
22897784829
22897752828
22870913024
22870905025
22870986024
22897502024
22899976820
22897523820
22899916822
22899954822
22897702823
22897777825
22897792825
22898811825
22898823825
22899915826
22899925826
22898802827
22898829825
22898870825
22870918028
22897545028
22870919827
22870919029
22897532029
22897549028
22897701029
22897776028
22898879029
22899905029
22899976029
22870970459
22898886459
22870987458
22870989458
22897508458
22897521458
22898832458
22899927458
22899995458
22870927455
22870903455
22897523455
22898843455
22898894455
22870950454
22899959454
22898846454
22898852454
22898879454
22898811454
22898819454
22899913457
22899939457
22899958457
22899988456
22870942451
22870967451
22897573451
22898809451
22899958450
22897716453
22897746453
22899935452
22899964452
22899990065
22898830239
22898858239
22898878239
22899920239
22899931239
22899936239
22899953234
22898856237
22899900236
22899948236
22898836231
22897585235
22899940235
22899978235
22897731234
22897771237
22870966236
22870908231
22870909233
22870980233
22898822232
22898835358
22898865358
22898852359
22898897359
22898845352
22899919352
22897544353
22897590353
22897709353
22899910353
22899932353
22897576350
22897727350
22899952350
22899994353
22897769356
22898812356
22898828356
22898857356
22899908357
22898826354
22898836354
22898837354
22899921354
22898853355
22899937176
22899976176
22897538176
22899921175
22899934175
22899953175
22897717172
22898832172
22897595173
22897720173
22899902173
22899963173
22899913170
22899941170
22897556170
22897709171
22898864171
22898894178
22899900178
22898887179
22899917178
22899944179
22870922178
22879432179
22897506179
22897737978
22897798978
22898810978
22899914978
22899943979
22899957979
22899975979
22897597979
22898813979
22897751976
22897787976
22898809976
22897710977
22898874977
22899907974
22899978974
22897701974
22897725974
22898824974
22898863974
22898898974
22897710975
22898888975
22899997974
22899900972
22899972973
22899954971
22897750219
22897793219
22898809219
22898818218
22898889218
22899962218
22897788213
22898841212
22898892212
22899944212
22897785211
22899900211
22898880210
22899933210
22899924217
22899949217
22899981217
22898808216
22897738215
22897731214
22897762214
22898893214
22897528983
22899957982
22897530982
22897734982
22897795982
22899968986
22899980986
22897746981
22898815982
22898862981
22899912982
22899942980
22899978980
22897755987
22897557986
22897572985
22897716984
22897554988
22897563988
22897579988
22899905988
22898808158
22870932159
22870916408
22870944408
22870922409
22897578409
22897739408
22897564406
22897797406
22898895406
22897582407
22897770407
22897778407
22897786407
22898853407
22870917404
22897516405
22897753402
22897516403
22897516400
22870962401
22899996064
22897572149
22899946148
22870979148
22897742148
22897768148
22898888148
22897501147
22897570147
22897703147
22898898148
22899998148
22870996146
22897537146
22897726146
22898851146
22898862146
22897538145
22897731145
22899968065
22899974065
22899984145
22897709144
22898810144
22898878144
22899914144
22899982144
22897520143
22897754143
22897792143
22898806143
22899986143
22897572142
22897577141
22897578141
22897780141
22899917141
22899938141
22897784140
22899932140
22899947141
22899993140
22897515514
22897749514
22897527515
22870973399
22870968516
22879439399
22897759399
22897764516
22898833399
22897511517
22897564517
22879491396
22897506396
22870988397
22870952510
22897510397
22897552396
22897573396
22870980394
22897532511
22897528394
22897514397
22897593510
22879432395
22897795511
22897590392
22897587513
22897747513
22899984513
22898817393
22898889393
22870901393
22870949393
22897502393
22898886390
22897552390
22899999393
22897708391
22870924391
22870956391
22899962519
22870921888
22870931889
22870948889
22897505889
22897543888
22897744888
22870981882
22870939883
22870935880
22870926881
22870954880
22870993887
22897523883
22897503885
22897543881
22897563885
22897566881
22897702887
22897709887
22897760885
22897771887
22899903885
22899930885
22899969933
22870999930
22897576930
22870986931
22897584931
22898843931
22898845931
22898874931
22897576936
22897719936
22897742936
22897588935
22897782935
22897790935
22897797935
22898851935
22898868935
22898859626
22899949626
22899996626
22870920627
22897784938
22899937624
22899949624
22870903624
22899959625
22870918625
22870922625
22899919622
22899950622
22899914623
22870923623
22899991623
22897775620
22870985620
22897719621
22897752621
22897782621
22898813621
22897780628
22898810628
22898843628
22897523024
22899988024
22870986025
22897580025
22897570027
22899994027
22897512222
22870920222
22870980789
22899930223
22899980223
22897503789
22870940789
22870959788
22899949220
22870900788
22870948788
22870944223
22870949220
22870920221
22870971220
22870977220
22899971788
22898803028
22898846226
22898861226
22898891226
22899916226
22899930785
22898879227
22870955785
22870900785
22870931785
22899917784
22897594224
22899966784
22879421784
22870990224
22870907787
22870932787
22870990225
22870974225
22897540225
22870960786
22899991225
22897762780
22898826780
22899958780
22870919780
22897504228
22870952783
22879405783
22870917229
22870963228
22870969229
22897539782
22898854782
22870930161
22870961161
22899950160
22870994163
22897507163
22870951163
22898801162
22897518705
22870929704
22897520704
22870972706
22870964701
22870951700
22879426703
22897503702
22870948703
22870923702
22870958702
22870976700
22897542709
22870903708
22897502708
22897536708
22897555702
22897573708
22897575708
22897716708
22897773708
22897780709
22898858708
22898860167
22899915166
22870903169
22897578166
22879491168
22897531168
22899976455
22897547558
22870975559
22897561558
22897582558
22897723559
22897725559
22897785558
22897796559
22897555550
22897562550
22899958552
22899967552
22899975552
22870984552
22870942553
22870918554
22870964554
22870903556
22870913556
22870965554
22870969555
22897508556
22897517555
22897549557
22897735557
22870991864
22870918864
22897506865
22870930865
22899903866
22870950866
22897705867
22897763867
22899941867
22870974867
22870988867
22897592860
22898857861
22899961861
22899979861
22898892862
22897596863
22897773863
22898816863
22870925863
22870944863
22870956863
22879439863
22870935103
22870990103
22897558103
22898869103
22899925103
22899960103
22899911102
22897542101
22899908100
22897531107
22898892107
22899959107
22879460106
22897578106
22870938106
22897740106
22897754106
22870969105
22897568105
22898849105
22899918105
22899924105
22897555104
22898897104
22870919104
22870938104
22899925105
22897509109
22897753109
22897785109
22870907109
22899996109
22897731108
22898818108
22870912108
22870923108
22899983108
22897529051
22897540051
22898807050
22898817050
22897711053
22897785053
22898862053
22898899052
22897539055
22897528054
22897584054
22897595054
22897765054
22898854054
22897724057
22897547056
22897718056
22897581059
22899960058
22870928728
22897516728
22898876789
22899947789
22897588015
22870942014
22899997014
22870926017
22898893016
22870973016
22897530016
22898832011
22898870011
22870985011
22898844010
22898865010
22898896010
22899945013
22897503013
22870968013
22899992013
22897560012
22897728019
22897778608
22899965609
22897743609
22898802609
22898839609
22899983609
22897790604
22898822604
22899928604
22899954604
22899963604
22897716604
22897764605
22898810605
22899935605
22897597606
22899917606
22897798607
22897567607
22897734607
22899953607
22897770600
22897790600
22899946600
22899984600
22897599601
22898826601
22898837602
22898870602
22897535848
22897591849
22897518846
22870914847
22870912844
22870953845
22870956842
22879412845
22879426843
22870982840
22897505840
22879460841
22897513847
22897519840
22897522841
22897706840
22897731840
22897792841
22898866841
22898891640
22870934640
22897517641
22897763641
22899937641
22899977641
22899987641
22870969642
22870971642
22870984642
22898885642
22898833643
22898855643
22899932643
22870936644
22897503644
22897560293
22870956292
22897718291
22897775290
22897559297
22897778297
22898801297
22897709296
22898872646
22899906646
22899966646
22899930297
22898829295
22898874295
22899926295
22897571294
22899922294
22897764299
22898806299
22898814299
22898839298
22897532648
22897554648
22897574648
22898832648
22897598649
22898844648
22899908648
22899968649
22899973649
22870983649
22870905649
22870944649
22897554079
22898844079
22897521078
22899973076
22897568078
22898809078
22897737077
22897786077
22898830078
22897520076
22897598076
22897533075
22897548075
22897729074
22897558073
22898810073
22897712072
22897589071
22897569070
22897516486
22870985487
22897538486
22897510485
22897507485
22899913483
22899961483
22899943480
22898821481
22898830481
22898884481
22899920481
22870972483
22897579482
22897709483
22897534488
22897557488
22897772489
22898803488
22898825488
22899911489
22899973488
22899977219
22879432219
22897758864
22899913865
22899964865
22899972865
22899955864
22897741865
22897767865
22898858865
22898861865
22870990866
22897727866
22898802866
22899964868
22899971868
22899922869
22899958869
22897537863
22899918868
22897735869
22870944869
22897721869
22897596015
22897599015
22897743015
22897761015
22897776015
22897771014
22898871015
22899904014
22897721017
22899973014
22897592016
22897744016
22898825016
22897700011
22897709010
22898824013
22899953012
22899914019
22898889018
22899910018
22899970018
22870922019
22870941018
22898828279
22898831279
22897723279
22897753279
22897709278
22898882278
22899956278
22870968279
22897735271
22897732270
22897737270
22897783270
22899926270
22897591273
22897776273
22898834276
22897783273
22899913273
22899940273
22897570272
22897783272
22898808275
22870907274
22870982276
22898819276
22899984220
22899989224
22897528228
22897724228
22897740228
22897526819
22897536819
22898804819
22898856819
22898874819
22897509818
22897545818
22897794818
22898816818
22899983818
22870995815
22898876815
22897767814
22870917814
22870956814
22897771814
22897772814
22897767817
22897787817
22897792817
22898843817
22898875817
22899931817
22870947817
22870983816
22899992817
22870999811
22870921811
22897783810
22898802810
22898824810
22899934810
22870902810
22870989813
22870997813
22870970813
22870976813
22870988813
22897737812
22899921812
22897532812
22897542812
22897573812
22899960338
22897708338
22879432339
22897561339
22897588339
22870976334
22870988335
22870931336
22897502335
22870928330
22870966331
22870945332
22870961333
22879491334
22897515337
22899970568
22897517337
22897523332
22897536331
22897537333
22897565333
22897571568
22897712568
22897746568
22898844568
22897756565
22898846565
22898859565
22897526564
22897790564
22898816564
22898848564
22899988564
22897566567
22897710567
22897770567
22898859567
22899909567
22897734566
22898835566
22899915567
22897781561
22898892561
22899947561
22897795560
22898828560
22899918560
22898892563
22899908563
22898891562
22898853633
22897593632
22897737632
22899945632
22897571068
22897789068
22898897068
22899940068
22897572069
22898874069
22899968069
22897567064
22897742064
22898861635
22897757064
22897783635
22897789064
22897597065
22897702065
22897714065
22898817064
22898823635
22897723066
22898832065
22899902065
22899911065
22897736067
22898864067
22899942067
22898813060
22899908061
22898854062
22899961062
22899962062
22897722909
22898816909
22899944909
22898814908
22898890908
22899942908
22899995908
22899988046
22897759903
22898865903
22898883903
22897561902
22898885902
22899963902
22899965902
22897589901
22897590901
22897593901
22897774901
22897727900
22897776900
22898855900
22899937900
22897717907
22897739907
22898877907
22899994906
22897564905
22897577905
22897585905
22897598904
22897744904
22897759904
22899964042
22898853043
22899969043
22897575040
22897730040
22897749040
22898870040
22870908769
22870913769
22870947769
22870962768
22879460767
22897502767
22870904767
22870975767
22897733766
22897753766
22898851766
22897505766
22899925765
22870999764
22897749764
22870938764
22899983764
22898873763
22899980763
22870943763
22897714762
22897510762
22897538762
22899993762
22870982761
22897518761
22897727761
22899992761
22898849760
22870953507
22897564506
22897702506
22898878506
22870920506
22870965506
22897710505
22897738505
22898825505
22870948505
22897778504
22898815504
22870901504
22897549684
22899941685
22897761684
22897780684
22898847684
22899932684
22897710685
22897781685
22898877685
22899916685
22899929685
22897597686
22898874688
22897552680
22897736681
22897533682
22897582683
22897730689
22899923358
22899906359
22899959359
22870950688
22870926689
22870977358
22897532352
22870944353
22870948350
22870906351
22870992356
22899939357
22870915357
22870985357
22870961355
22870994355
22897523354
22897533351
22897553355
22897567355
22897565357
22898815354
22897732355
22897755509
22870957316
22897713316
22897735317
22899955314
22870948314
22879405314
22897756314
22897771314
22898821314
22898874314
22897565315
22897710315
22897781315
22899950312
22870901312
22899903315
22870974312
22898802312
22870910313
22870920313
22898819312
22870947313
22897543313
22870936310
22899966310
22897713313
22898832313
22870944310
22870996310
22879458310
22897556310
22897760310
22870959311
22898817311
22898872311
22870951318
22870957318
22870985318
22870996318
22898838319
22898867319
22898878319
22899905319
22899907319
22870924319
22897507538
22897533539
22897563536
22897594536
22898861536
22897714537
22897783537
22897794537
22898812537
22897527534
22897757534
22897799534
22898817534
22898841534
22897713535
22897735532
22898819533
22870932530
22899928531
22898895437
22897598741
22897718741
22897787741
22897525740
22897541740
22897562740
22897765740
22898812743
22898840743
22898893743
22899919743
22898869742
22898877742
22897538745
22897774744
22897541747
22897777746
22898842749
22897590748
22899942707
22897509514
22898860515
22898861516
22898815517
22899972517
22898865516
22897782512
22898868513
22899942513
22899975516
22899941510
22899965510
22870993517
22870911510
22897508511
22870952512
22870946518
22870937519
22897726518
22898857519
22898879518
22898883518
22899915519
22870955437
22897509437
22870927437
22897553437
22897579437
22870982436
22870997436
22897598437
22897599437
22897788436
22870959435
22899955435
22870989434
22870939434
22870951434
22870959434
22899951434
22879432433
22870954433
22897519433
22897567433
22897748433
22897545432
22897701432
22899989433
22899999433
22897507431
22898880431
22899965431
22897565431
22897576431
22870907430
22897737431
22870970430
22879421430
22898861431
22899907439
22899934439
22897566439
22897745439
22897747439
22898822439
22898852438
22899982438
22897791370
22899920370
22899970370
22897596371
22897754371
22898872371
22897551373
22897791373
22897743374
22897749374
22898859377
22898807379
22899924378
22899971378
22899967377
22897712376
22898890377
22897792756
22898817756
22870928756
22899961757
22879460757
22870924757
22870932757
22897562757
22870969754
22870932754
22870991754
22897578757
22897594757
22899974755
22870982755
22897744754
22898803754
22898804755
22870958752
22870962752
22897518752
22897726752
22897747752
22897760752
22898858752
22898883752
22899960752
22899974752
22870908750
22870918750
22897542750
22897713750
22897731750
22897592751
22897766751
22897767751
22898884751
22899942751
22899967751
22898890758
22898899758
22899946759
22899950759
22897770189
22897779189
22898887189
22899977189
22899979189
22897558189
22897729183
22899956183
22897508182
22897549181
22897574181
22899972186
22897708182
22898842184
22898898184
22899958184
22897560187
22899963186
22897718180
22897738187
22897755186
22897736185
22897764184
22897718338
22897775338
22897798338
22897799338
22898835338
22897711339
22898817339
22898849338
22898883339
22899928338
22897702334
22897787334
22898819334
22897711335
22897752335
22897729336
22898811336
22898837336
22898885336
22897545337
22897718337
22898801337
22898827337
22898842337
22897750330
22898849337
22898882337
22899902330
22899953330
22897723331
22897732331
22897791331
22898891331
22899954331
22897730332
22898877332
22899913332
22899986331
22897706333
22897778333
22897777769
22899912769
22899954769
22899965766
22899971769
22897701768
22897769768
22898840768
22899926768
22897791767
22897523766
22897534766
22897549766
22897790765
22870989764
22897719763
22897590762
22870935761
22870938760
22870994268
22897547269
22897595269
22897713269
22897796269
22899963269
22897788266
22897790267
22898856267
22898897267
22897598264
22897736264
22897755264
22897763264
22898867264
22899989262
22899990262
22897715263
22897596260
22897739261
22899913261
22870998918
22897703918
22897765918
22898839918
22899940918
22879462919
22898876919
22898899919
22897550910
22898823910
22899976910
22899985910
22898803911
22898809911
22899935911
22899993911
22897722912
22897723912
22897783912
22898829912
22899945912
22899921913
22899964912
22897742914
22899923914
22897719915
22897770915
22898881915
22898868916
22898870916
22899952917
22897551398
22899907399
22898882396
22899905396
22899908396
22899967394
22898853399
22898899399
22898824397
22898843391
22897596395
22899901395
22899938395
22897599392
22897750392
22897735393
22898804393
22897784390
22897552391
22898896208
22899992209
22870972200
22870985200
22897522200
22897749200
22870969727
22870994727
22898827200
22897569201
22897714201
22898869200
22898820202
22897563202
22897590202
22870971203
22870973203
22897539203
22899944203
22897537204
22897567205
22897793205
22897794206
22898813206
22897762572
22898813572
22899962572
22897581573
22897712573
22897751573
22897593570
22897733570
22897735570
22897764573
22898803578
22898869578
22899911578
22899914578
22899948578
22897585574
22897760578
22898850579
22899901579
22899928579
22897502579
22898815478
22899932478