2290192040390
2290129326234
2290192122267
2290129026232
2290129314398
2290129360288
2290192125763
2290129093367
2290129114645
2290129010541
2290129085788
2290192075829
2290129157077
2290129127187
2290192067878
2290129061084
2290192075358
2290192067874
2290129053762
2290192001064
2290129358908
2290192179128
2290129345811
2290129399041
2290192099735
2290192084788
2290192126054
2290192026057
2290192183176
2290129129856
2290192117666
2290129328180
2290129399953
2290129177076
2290129177072
2290192194242
2290129032316
2290129332317
2290192032316
2290192196628
2290129154472
2290192087465
2290129324959
2290129024958
2290192124951
2290192123354
2290192189126
2290129089124
2290129331150
2290129349723
2290129398602
2290129029584
2290129003969
2290192011621
2290129103960
2290192181204
2290192116285
2290192053023
2290129058596
2290129354244
2290129042869
2290129342867
2290129354248
2290129365757
2290129356651
2290129396074
2290129012559
2290192065759
2290129033854
2290192085649
2290192148151
2290192148153
2290129144425
2290192179552
2290192037027
2290192182147
2290129164911
2290129364917
2290192064919
2290192175129
2290129397708
2290192092958
2290129394503
2290192097704
2290192099545
2290192092955
2290192094505
2290129094504
2290129381947
2290129342287
2290129142280
2290192124547
2290192124895
2290129078604
2290129327514
2290192027047
2290192108149
2290192108146
2290192158629
2290129126939
2290129308143
2290129384661
2290129174523
2290129074292
2290129322490
2290192022491
2290192145485
2290192052376
2290192006017
2290129352374
2290192109095
2290129112732
2290129134226
2290192178869
2290129357262
2290192102959
2290192052087
2290129142137
2290129142133
2290129195633
2290192155688
2290192183957
2290192149957
2290129039325
2290129139323
2290129332814
2290129332816
2290129346638
2290192115113
2290129346630
2290192111411
2290129344850
2290192072037
2290129177514
2290129077511
2290129396813
2290129086536
2290129387122
2290192137235
2290192030947
2290192030942
2290129150830
2290129156137
2290192188955
2290129193777
2290129393773
2290192106905
2290129131542
2290192031547
2290192038052
2290192184896
2290129075802
2290129075801
2290129399281
2290129118450
2290192199288
2290192057058
2290129131825
2290129031826
2290192053748
2290129353749
2290192001046
2290192008571
2290129158290
2290129145877
2290129159076
2290129049143
2290192049143
2290192142473
2290129098083
2290192198083
2290129355745
2290192012031
2290192162512
2290192088769
2290129380217
2290192199932
2290129035877
2290129138557
2290129038220
2290129138550
2290129135651
2290129336659
2290192036658
2290129132482
2290129181882
2290192036303
2290129039176
2290129039175
2290192139176
2290192087487
2290192118980
2290129018235
2290192048966
2290192148961
2290129348968
2290129373408
2290129329872
2290129073157
2290129373156
2290192078453
2290129043433
2290129331680
2290192081162
2290129149704
2290129381169
2290192017469
2290129103495
2290129046578
2290129011605
2290129377278
2290192102546
2290192030881
2290129077271
2290129016808
2290129066527
2290192019600
2290129300145
2290192015726
2290129113971
2290192110955
2290192192368
2290192040163
2290192135449
2290129336798
2290192074727
2290129322706
2290192022702
2290129377130
2290192002201
2290192006251
2290129301785
2290129073635
2290129178153
2290192008167
2290129178159
2290192026954
2290192007923
2290129326952
2290129188025
2290129388025
2290192056510
2290192187746
2290129152601
2290129306039
2290192051983
2290192155512
2290129195804
2290129176664
2290192017877
2290129107789
2290192184212
2290192173095
2290129139309
2290129336869
2290192042113
2290129390221
2290129349979
2290129088683
2290129388683
2290129024700
2290129324706
2290129350588
2290192105785
2290129350584
2290129348765
2290192004529
2290192096870
2290129186512
2290129337212
2290129082466
2290129050859
2290192030967
2290192150852
2290129104782
2290129320759
2290129019870
2290129171499
2290129367203
2290129111126
2290192511435
2290129345129
2290192145129
2290129080828
2290129141173
2290192057442
2290192058470
2290129079491
2290129019129
2290129179141
2290129121088
2290192025700
2290129134933
2290129310528
2290192010526
2290192010521
2290192060006
2290129397817
2290129093483
2290129193487
2290129016184
2290192093489
2290192073255
2290129117368
2290129318605
2290129024501
2290129124501
2290129124503
2290129371326
2290129080056
2290129373032
2290129155311
2290129155644
2290129307890
2290129076974
2290192066244
2290192144819
2290129169966
2290192166247
2290192052925
2290192043621
2290129004546
2290192156178
2290192106940
2290192006946
2290129038014
2290129093731
2290129320261
2290192185100
2290192160718
2290129347109
2290192000040
2290192100040
2290129000518
2290192060717
2290129019980
2290129347100
2290192114607
2290192084437
2290192040828
2290192185813
2290192089718
2290129082375
2290192050697
2290129005496
2290192097106
2290192092465
2290129030676
2290192172319
2290129322592
2290129348306
2290192086139
2290129393901
2290192096196
2290129356773
2290192056777
2290192079785
2290129180997
2290129367832
2290129375315
2290129186282
2290129071666
2290129082597
2290129082592
2290192015516
2290129133376
2290129164878
2290192054872
2290129389103
2290192089106
2290129381128
2290192192630
2290192103187
2290192098624
2290192115899
2290192134563
2290129034562
2290129134561
2290192088853
2290129138263
2290129135344
2290129160893
2290129090369
2290129328302
2290192098595
2290129328300
2290129198592
2290192102586
2290192066076
2290129116514
2290192177235
2290192120050
2290129040123
2290129319399
2290192182760
2290129125488
2290129161764
2290129366386
2290192147262
2290129343293
2290129110913
2290192029309
2290129103235
2290129321451
2290129376019
2290192090772
2290192176541
2290129105372
2290192067654
2290192167650
2290129315090
2290129175169
2290192158554
2290129114054
2290129354202
2290192160565
2290192012515
2290129100278
2290192166929
2290129166921
2290129038872
2290129060381
2290129321907
2290129152334
2290192099502
2290129099505
2290129171099
2290192135422
2290192175789
2290129335427
2290129061168
2290192174784
2290129336732
2290192122769
2290192022764
2290129381902
2290129198368
2290129149246
2290192099368
2290129184623
2290129078642
2290129374562
2290129315130
2290129115135
2290129167240
2290129072014
2290192077536
2290129340554
2290192072012
2290129348726
2290129048722
2290129051497
2290192151366
2290129352940
2290192043353
2290192146926
2290129030922
2290129088420
2290192146382
2290129046381
2290129156114
2290129185126
2290129008892
2290129385126
2290192080401
2290192077687
2290129331520
2290192131524
2290129076958
2290129190961
2290129341608
2290192157403
2290192097265
2290129057404
2290129109858
2290192044380
2290129072485
2290129126218
2290129321042
2290129325035
2290129397125
2290129192440
2290192062399
2290192062398
2290129014662
2290129360043
2290129310567
2290192160731
2290129142438
2290129318419
2290192087504
2290129167818
2290192178277
2290129108531
2290192108530
2290192159038
2290129122247
2290129019165
2290129173821
2290129145380
2290192171684
2290129023994
2290192013037
2290129199714
2290129175592
2290129192031
2290129123998
2290192001665
2290129093925
2290192093926
2290129301661
2290129044126
2290192017641
2290192052126
2290192156324
2290129012072
2290129187996
2290129393546
2290192093544
2290129109668
2290129109669
2290129352438
2290192054456
2290192054459
2290129082964
2290129396607
2290129096604
2290129182968
2290129380638
2290192120075
2290129159269
2290192159267
2290129059261
2290192059261
2290192059262
2290129115257
2290192147249
2290129047240
2290129047712
2290192119441
2290192021472
2290192003214
2290129011089
2290129192388
2290129367678
2290129164287
2290192042842
2290129001215
2290192008306
2290129065738
2290192165888
2290129365888
2290192065889
2290129145718
2290192113957
2290192044446
2290192038855
2290129322928
2290129347864
2290192059192
2290129347867
2290129059194
2290129021290
2290129325931
2290129006072
2290129313228
2290129361142
2290192081921
2290192128663
2290129028843
2290129028842
2290129039527
2290129327064
2290129133787
2290129384641
2290192126918
2290129312282
2290129112283
2290192074508
2290129374505
2290129379821
2290129134200
2290129187691
2290129147521
2290129347522
2290192073233
2290129029138
2290129076628
2290192109215
2290129018377
2290129002978
2290129018371
2290192191092
2290129191095
2290192091095
2290192153952
2290192098161
2290129025227
2290129025224
2290129041251
2290129321763
2290129105268
2290192150060
2290129172508
2290192060528
2290129010046
2290129100238
2290129086387
2290129343877
2290192038835
2290192043876
2290192194929
2290129356960
2290129137719
2290192156966
2290192006764
2290129106765
2290192061124
2290129361127
2290129342204
2290129395450
2290129108496
2290129345770
2290129145771
2290192041431
2290129359974
2290129013792
2290192027592
2290192033724
2290129133726
2290192083678
2290192079624
2290129398497
2290129154605
2290192132678
2290129134733
2290192162472
2290129362471
2290129073291
2290129398328
2290129396785
2290129132096
2290129163872
2290192117541
2290129363879
2290192063878
2290129108720
2290129173077
2290192184817
2290192189537
2290129089283
2290129111493
2290192124103
2290129104850
2290129004581
2290129104584
2290192104585
2290192104859
2290192169923
2290192066756
2290129017890
2290129117890
2290192117323
2290129346326
2290192106985
2290129020224
2290129194145
2290192152731
2290129002409
2290129052737
2290129106988
2290129304724
2290129035026
2290129186154
2290129086158
2290129348325
2290192048325
2290192018103
2290192118100
2290129323152
2290192127691
2290129068776
2290192123157
2290192168777
2290129126527
2290129014954
2290129173864
2290129015535
2290129075083
2290192033354
2290129175089
2290129171642
2290192144163
2290192044696
2290129064857
2290129073483
2290192128164
2290192028165
2290129358967
2290192108062
2290192158749
2290192168080
2290129132408
2290192132408
2290192165106
2290129145560
2290129045569
2290129374680
2290192127341
2290129006394
2290192069021
2290129316222
2290129369023
2290129143120
2290129078908
2290129007117
2290129355438
2290192017792
2290129363641
2290192188810
2290192092677
2290192192674
2290192091331
2290129391335
2290129057147
2290129353878
2290129084173
2290129384173
2290192184179
2290192139710
2290129036969
2290192136968
2290129128349
2290192128345
2290129005848
2290129140470
2290192004134
2290129066690
2290192180653
2290129331719
2290192011240
2290129082727
2290129030008
2290129034035
2290129330007
2290192029349
2290192076505
2290129329343
2290192129435
2290192129431
2290192011027
2290129303271
2290129365593
2290129065596
2290129167991
2290129391509
2290192153193
2290192139072
2290129136712
2290129390119
2290129199690
2290129133746
2290129149227
2290192149229
2290129045756
2290129084608
2290129070437
2290192083656
2290129358684
2290129384604
2290192174237
2290129079643
2290129003730
2290192098120
2290192103731
2290129339385
2290129312134
2290192034711
2290129138382
2290192038384
2290129029174
2290192073279
2290129017308
2290129073277
2290192073272
2290129318330
2290129071343
2290192018339
2290129002938
2290192173013
2290129153441
2290129353447
2290192117568
2290192042198
2290129176994
2290192176996
2290129076990
2290129184389
2290192183862
2290192169903
2290129166224
2290192172051
2290129077573
2290129362026
2290129072054
2290129172057
2290192062022
2290192103085
2290129156157
2290192046472
2290129388462
2290129194125
2290129008857
2290129152719
2290129302426
2290192085161
2290129102424
2290129385160
2290129152711
2290192085160
2290192152710
2290192031078
2290192035008
2290192004701
2290192135005
2290129004703
2290129031076
2290129051106
2290129135000
2290129138036
2290129119217
2290192190929
2290129371504
2290129149413
2290129367176
2290129067172
2290129167173
2290192144344
2290129344342
2290129337923
2290192137920
2290129082352
2290129089731
2290129195998
2290192092400
2290192197160
2290129021551
2290192057999
2290129330650
2290192129817
2290129117114
2290192170207
2290129170202
2290129056349
2290129012094
2290129162820
2290129188299
2290192177030
2290129308518
2290192058768
2290129158943
2290192008046
2290129301024
2290192178255
2290129108042
2290129108040
2290129326894
2290129126892
2290129141888
2290129382904
2290129387424
2290192041888
2290192027326
2290192180194
2290129399190
2290129161292
2290129054853
2290129169779
2290129361294
2290192116571
2290129031195
2290129343103
2290129378927
2290192131196
2290129107171
2290192134546
2290129057162
2290129157163
2290192138249
2290129384192
2290129053851
2290129028363
2290129039267
2290129128499
2290192007395
2290129307391
2290129177962
2290129120526
2290129380678
2290192030242
2290192051756
2290129037592
2290129363290
2290129382741
2290129182749
2290192137598
2290129196973
2290129311220
2290129169597
2290192169592
2290192010934
2290192161741
2290129186731
2290192103252
2290129390752
2290192103255
2290192105820
2290192015078
2290192101251
2290129001250
2290129158577
2290129358575
2290192191992
2290129354226
2290129141412
2290192000705
2290192065846
2290192559489
2290129013913
2290192094904
2290192143815
2290129122969
2290129147822
2290192147822
2290192160363
2290192022967
2290192037049
2290192141275
2290129125203
2290129182124
2290192137733
2290129037045
2290129182121
2290129382121
2290192088581
2290129127831
2290192027831
2290129051886
2290192063681
2290129061274
2290129361272
2290129155165
2290129107482
2290129076720
2290129176892
2290129102858
2290192002859
2290192109370
2290192006535
2290192009374
2290129335692
2290129335693
2290192063934
2290129163935
2290192153839
2290129158877
2290129058875
2290192153347
2290129024601
2290129032917
2290129136255
2290129180697
2290129151267
2290129048628
2290129316484
2290192151269
2290192151268
2290129134076
2290129356272
2290192087807
2290129393635
2290129085263
2290129306828
2290192006828
2290192093637
2290192106823
2290129038406
2290129351080
2290129038156
2290129151084
2290192176094
2290129041744
2290192141749
2290129150023
2290129321239
2290192050027
2290192183588
2290192114501
2290129110086
2290192014509
2290129037574
2290129194968
2290129166437
2290129360306
2290129343526
2290129043523
2290192079373
2290192159641
2290129174255
2290129022451
2290129387249
2290129057738
2290129301416
2290129101412
2290129064485
2290129368306
2290192068307
2290129068305
2290129364483
2290129163103
2290129059938
2290129033272
2290129333270
2290129197431
2290129011931
2290192097430
2290129345918
2290192097436
2290192144532
2290192144534
2290129066775
2290129366775
2290192172091
2290192103592
2290129377607
2290192152751
2290192193793
2290129069493
2290129394162
2290192016925
2290192093795
2290129147169
2290192163332
2290129363337
2290129067130
2290129367132
2290192171816
2290129076260
2290129071813
2290192171541
2290129040622
2290129357489
2290192040621
2290129050906
2290192150906
2290129357486
2290129390475
2290129047300
2290129129062
2290129103338
2290129305471
2290129050670
2290129130616
2290129164819
2290129308245
2290129348365
2290192054368
2290129187583
2290192114195
2290192196133
2290129180936
2290129341579
2290129083447
2290192140339
2290129340331
2290192054021
2290129371604
2290129171609
2290192037343
2290129115573
2290192023801
2290129309190
2290192101884
2290129384057
2290129122601
2290192179019
2290192174029
2290192074023
2290192028128
2290192127167
2290129170554
2290129100973
2290129300977
2290192000975
2290129114226
2290192026383
2290129006687
2290129130283
2290129130280
2290129305865
2290192046159
2290129030289
2290129346151
2290129072159
2290129177437
2290192004119
2290129382700
2290129134501
2290129188837
2290192088835
2290129388833
2290129330028
2290129193658
2290129393652
2290192135900
2290129076528
2290192103296
2290192081505
2290129121963
2290192021212
2290129321743
2290192005248
2290129305249
2290129150046
2290129111269
2290192167096
2290192167095
2290129094942
2290192166416
2290192066943
2290129014788
2290192110200
2290192143504
2290129110207
2290192079355
2290129009032
2290192064317
2290192013513
2290192195301
2290129065802
2290129159917
2290192033250
2290192126999
2290129326998
2290129393886
2290192122438
2290129126779
2290129196451
2290192054629
2290192196458
2290192112171
2290129056447
2290192188134
2290192012177
2290192179977
2290192179975
2290129387619
2290192038615
2290129338617
2290129031255
2290129331259
2290129123476
2290129194302
2290192194302
2290192136026
2290129332074
2290192118665
2290192080030
2290192008741
2290129053485
2290192108741
2290129353481
2290129378008
2290192119234
2290192119238
2290129363317
2290192000008
2290192163312
2290129100005
2290129121688
2290129367405
2290129097203
2290129049432
2290192049439
2290192040317
2290129344360
2290129140313
2290129344367
2290129385854
2290129185859
2290192185859
2290192161465
2290192081737
2290192121577
2290192190493
2290129007638
2290192030630
2290192197142
2290129148342
2290192148343
2290192068579
2290129001353
2290129368575
2290129344140
2290192122088
2290129045093
2290129073840
2290129096235
2290129396234
2290192071629
2290192171628
2290192071622
2290129123684
2290192023685
2290129323683
2290129023863
2290192084036
2290129174002
2290129322628
2290192078213
2290129158727
2290192027106
2290129158237
2290129158236
2290129183287
2290192058233
2290192198868
2290192174665
2290192074662
2290129079292
2290129179292
2290129098862
2290129332467
2290129006375
2290192065125
2290129012326
2290192045231
2290192016205
2290129116208
2290129027819
2290192027818
2290192178964
2290129027811
2290129055417
2290192194791
2290129102656
2290192139220
2290192181281
2290129381285
2290192136904
2290129095156
2290192042013
2290129024668
2290192026128
2290129060598
2290192019703
2290192026125
2290192159470
2290129011966
2290192033203
2290129311961
2290129013705
2290129037788
2290129314883
2290192143571
2290129109940
2290192141716
2290129049544
2290129150010
2290129149540
2290129383006
2290129183005
2290129144293
2290129101445
2290192153166
2290192045659
2290129362994
2290129127470
2290129022465
2290192186003
2290129067900
2290192171025
2290192071027
2290129168664
2290192075739
2290192113831
2290129075732
2290192131202
2290129131204
2290129117392
2290129353785
2290129028210
2290129381849
2290192002493
2290129172822
2290129118946
2290192077851
2290129107840
2290192128074
2290129087667
2290129174178
2290129088141
2290129165412
2290192156410
2290192002149
2290192155253
2290192005910
2290129334347
2290129311392
2290129154925
2290129191155
2290129316620
2290129369421
2290129389543
2290192090544
2290129139424
2290192107515
2290192039426
2290192155031
2290192155783
2290129355787
2290129355785
2290129124172
2290192034698
2290192072748
2290192178735
2290192140940
2290192172745
2290129126805
2290192170525
2290129174636
2290129361851
2290129372291
2290129368817
2290129161859
2290192048395
2290129148393
2290129341543
2290192141010
2290192002825
2290129368100
2290192073368
2290192142738
2290129163906
2290129342734
2290129009162
2290192033527
2290129323388
2290192113156
2290129023387
2290192195742
2290129370299
2290129395749
2290192179023
2290192122659
2290129122657
2290129022120
2290129046290
2290129146290
2290192187870
2290192003150
2290129306874
2290129048550
2290129048806
2290129094654
2290129386788
2290129180372
2290129389953
2290129038434
2290192138433
2290192087784
2290129088579
2290129116252
2290192016254
2290129116256
2290129069058
2290129085336
2290129178990
2290129186837
2290129086832
2290192023527
2290129029603
2290129037521
2290129115287
2290192015287
2290129015285
2290129370853
2290192070855
2290129011703
2290192060939
2290192076597
2290192028518
2290129051238
2290192131783
2290129042274
2290192195375
2290129024844
2290192012495
2290192112495
2290129182858
2290192036017
2290129136012
2290129133993
2290192041957
2290192041955
2290192023713
2290129371007
2290129071002
2290192087259
2290129156882
2290129387251
2290192101423
2290129101132
2290129153100
2290129301133
2290129301134
2290129153104
2290192101139
2290129153108
2290129313545
2290192161194
2290129368317
2290129035278
2290129138313
2290192070068
2290129128276
2290129108821
2290129352769
2290192116646
2290192169446
2290129009424
2290129317511
2290129317516
2290192096488
2290129303834
2290192065349
2290192056477
2290129065433
2290129012631
2290129128090
2290129099848
2290192099843
2290192199845
2290129161439
2290129129055
2290129129050
2290192147350
2290192007682
2290192121528
2290129003308
2290129034325
2290192097198
2290192191136
2290129157309
2290192057309
2290192191139
2290192074831
2290192197997
2290129098714
2290192088785
2290129352881
2290129052885
2290129054013
2290192170993
2290192186238
2290129304339
2290129104338
2290192070996
2290192182031
2290129382526
2290192043949
2290129338945
2290192010395
2290192043944
2290129125604
2290192120926
2290129120923
2290192020438
2290129350481
2290129005684
2290192009882
2290129167102
2290192005689
2290192109366
2290129371238
2290192075927
2290192095102
2290129095103
2290129142065
2290192084109
2290129007328
2290129307327
2290129309182
2290129397617
2290129191472
2290129064774
2290192095763
2290129328133
2290129046767
2290129088371
2290129346763
2290129085277
2290129085276
2290192048577
2290129304674
2290129151075
2290129338147
2290129338141
2290192038143
2290192138149
2290192089977
2290129029917
2290129129440
2290129018538
2290192016276
2290192173560
2290192003133
2290129176862
2290129043551
2290129143884
2290129310237
2290192043884
2290129070834
2290129160318
2290129311721
2290192111728
2290192177403
2290129077402
2290129340428
2290192104415
2290192180688
2290129069694
2290129143735
2290192043082
2290129143086
2290129059416
2290129014538
2290129114538
2290192061995
2290192061996
2290129192104
2290192197426
2290192033261
2290129097422
2290192041775
2290129050033
2290129149565
2290192050037
2290129126143
2290192026493
2290192126496
2290129083026
2290129055482
2290129317219
2290129017214
2290129070125
2290192117746
2290192146256
2290129046700
2290129102757
2290192004613
2290192031437
2290192035772
2290129332215
2290129032746
2290192042085
2290129118591
2290129156596
2290129185372
2290192078334
2290129143025
2290129081064
2290129125129
2290192011740
2290129160971
2290129177312
2290129066669
2290129166666
2290192126477
2290129359307
2290129363194
2290192000288
2290129096345
2290192187188
2290192060622
2290129010833
2290129019565
2290129376370
2290192071412
2290129376375
2290129149506
2290129009900
2290192040221
2290129130477
2290129340229
2290129042965
2290192010658
2290129354508
2290129100867
2290129100866
2290192185586
2290192012475
2290192185588
2290129065676
2290129062953
2290192093837
2290192193837
2290129194829
2290129368441
2290129187233
2290129037121
2290192075770
2290129121801
2290129330133
2290129386666
2290129048451
2290129148451
2290129129545
2290129029540
2290129103431
2290192102345
2290129091179
2290129190568
2290192089219
2290129090560
2290129390560
2290192055019
2290192024197
2290192024194
2290129124193
2290129198758
2290192015658
2290129315878
2290129115654
2290129152846
2290129320690
2290129366814
2290129110350
2290129186272
2290129096287
2290129196289
2290129351575
2290192104372
2290129148023
2290129187041
2290192082569
2290129130685
2290192130862
2290192105975
2290129193033
2290129319958
2290129131626
2290192011519
2290129090826
2290192190822
2290129341506
2290129391772
2290129092287
2290129191778
2290192083745
2290129184530
2290192044487
2290192144485
2290129140903
2290129114296
2290192014291
2290129025642
2290129325643
2290129100613
2290192060147
2290129036421
2290129036426
2290129136426
2290192071258
2290129309699
2290192171253
2290129118776
2290192008619
2290129063947
2290192101704
2290129159158
2290129349084
2290129333562
2290192133561
2290192009123
2290192009124
2290192091414
2290129364248
2290192013115
2290192064243
2290192095702
2290192122697
2290129322695
2290192153556
2290129397011
2290192092536
2290129007724
2290192005581
2290129070872
2290192189935
2290192049993
2290192049997
2290192020082
2290129077442
2290129062773
2290129377330
2290129051969
2290192111987
2290129111980
2290129115400
2290192011981
2290192199622
2290129367732
2290129167735
2290129044015
2290192168461
2290129343594
2290192047675
2290129047677
2290129114713
2290129060607
2290192114719
2290129376313
2290129191948
2290129385905
2290129044276
2290192191942
2290192091947
2290129001463
2290129101460
2290129353148
2290129008408
2290129196732
2290129332570
2290129098975
2290192096735
2290129396738
2290129342943
2290192012980
2290129141998
2290192133950
2290129193815
2290129083683
2290129187211
2290192087210
2290192121822
2290192180889
2290129171040
2290129325819
2290129127275
2290129027273
2290129364387
2290129168606
2290129313854
2290192013857
2290129375752
2290129064388
2290129331882
2290129339194
2290192142369
2290192139621
2290129042361
2290192124997
2290129028947
2290192158142
2290192073759
2290129170316
2290129165473
2290129132680
2290129074156
2290192032684
2290129006114
2290192006443
2290129304351
2290192004351
2290129320679
2290192051554
2290129022810
2290129386257
2290129087062
2290129080523
2290129193014
2290129093017
2290129367478
2290129045009
2290129097385
2290129397385
2290192145001
2290192041031
2290129170505
2290129308090
2290129079595
2290192000982
2290192114278
2290129300455
2290192000455
2290192074616
2290129014273
2290192026823
2290192179228
2290129175037
2290192170649
2290192154319
2290129156784
2290129318712
2290192085688
2290129053313
2290129153319
2290192063969
2290129163968
2290129058806
2290129107988
2290192055801
2290129306675
2290192013138
2290192001584
2290129044719
2290129068295
2290192095729
2290129079046
2290192095720
2290192107187
2290192134595
2290192177194
2290129328687
2290129334598
2290192156200
2290192148823
2290192002775
2290129302772
2290129138452
2290192004985
2290129304982
2290192135753
2290192132768
2290129198541
2290129336222
2290129077993
2290192088551
2290192012262
2290192086812
2290129386810
2290192086816
2290129394094
2290129029627
2290129329625
2290129073528
2290192063254
2290192100654
2290192190863
2290192092247
2290192090798
2290129190790
2290192019333
2290129119334
2290192095214
2290129018001
2290192175458
2290129027571
2290129074321
2290129173928
2290129026335
2290129359119
2290129379539
2290192164201
2290192175189
2290129375181
2290192053043
2290192153042
2290129101520
2290192070169
2290192072980
2290129088392
2290192109525
2290192102240
2290192154771
2290129308129
2290192058646
2290192108653
2290129356552
2290129132250
2290129132704
2290129096546
2290129052642
2290192112758
2290129087705
2290192088065
2290129045426
2290192035483
2290129135486
2290129135485
2290129194033
2290129392930
2290192094035
2290129069636
2290192181026
2290129003048
2290129195842
2290129105529
2290192130701
2290192131476
2290192191018
2290192191019
2290129331478
2290192104926
2290129189620
2290129089622
2290129189624
2290192163890
2290129036828
2290129174913
2290129098479
2290192198475
2290192098472
2290129016123
2290192169326
2290129016124
2290192034286
2290192116129
2290129372187
2290129372423
2290129196774
2290192098934
2290129110674
2290192196779
2290192112419
2290192165619
2290129112415
2290192159582
2290192168429
2290129368428
2290192048259
2290129370746
2290129180841
2290192133627
2290129152278
2290129092890
2290129106404
2290129006155
2290129131847
2290129031844
2290192090033
2290129095040
2290192039663
2290192036366
2290129181820
2290129033918
2290129023937
2290129149128
2290192192097
2290192097574
2290129192093
2290129197573
2290192197573
2290192113098
2290192184705
2290129370354
2290192065922
2290129174112
2290192165928
2290129388251
2290129088708
2290129352499
2290192035812
2290129176161
2290192117959
2290192103478
2290129002388
2290129324226
2290129024221
2290192018924
2290192189254
2290192073464
2290129173462
2290129355726
2290129139483
2290129039482
2290192107571
2290192198069
2290129137446
2290192037441
2290129048065
2290192143275
2290192147930
2290129010312
2290129047936
2290192154094
2290192111333
2290129177741
2290192093078
2290129131664
2290192166584
2290129184956
2290192184956
2290192143495
2290192022149
2290192018029
2290129023092
2290129173305
2290129373305
2290192073300
2290129378138
2290192100494
2290192059174
2290129000490
2290129379262
2290129374305
2290129009102
2290192097691
2290192197696
2290192055842
2290192023893
2290129164269
2290129052001
2290129302731
2290129106891
2290129165025
2290129056572
2290129179881
2290129185396
2290192106098
2290129185391
2290129086854
2290129078356
2290129023540
2290129094050
2290129323231
2290192023544
2290129143003
2290129143006
2290129051928
2290129151927
2290129004494
2290192051295
2290129076681
2290129089027
2290192189023
2290192181004
2290129081006
2290192005549
2290129105548
2290192034445
2290129089391
2290129331459
2290192089394
2290129189647
2290129389395
2290129189399
2290129091031
2290129339812
2290192090240
2290192124013
2290129324010
2290192128577
2290129169617
2290129066134
2290192069613
2290192169619
2290192085949
2290129380716
2290129383539
2290192151439
2290129351430
2290129096368
2290192051432
2290129045983
2290129315338
2290129015330
2290192161643
2290192020842
2290192119507
2290129167513
2290129376428
2290192021792
2290129071433
2290129371431
2290192050529
2290129330494
2290129130490
2290129005721
2290192105725
2290129399209
2290129333604
2290192033600
2290192135568
2290192161028
2290192113304
2290129081806
2290129039608
2290129318906
2290129128788
2290129324208
2290129327433
2290192033971
2290192017025
2290192070335
2290129365908
2290129012651
2290129028032
2290192128032
2290129334160
2290192186602
2290192086600
2290129186607
2290192148479
2290192148470
2290129169283
2290129148476
2290192069287
2290192148475
2290129047447
2290129117978
2290129176144
2290129072865
2290192109489
2290192061362
2290129091190
2290192090585
2290192029784
2290129055076
2290129055077
2290129197938
2290129015855
2290129340691
2290192062107
2290129340698
2290192004391
2290192066838
2290192048043
2290192148043
2290129043925
2290129330803
2290192146068
2290129111357
2290129346063
2290129020327
2290129108991
2290192131609
2290192137464
2290192059828
2290192190804
2290129097341
2290192005048
2290192157569
2290129197349
2290192164080
2290129191753
2290129313683
2290129091755
2290129313685
2290129391752
2290129383239
2290129026868
2290129122368
2290192083233
2290192021328
2290192064881
2290192064882
2290192019355
2290192114107
2290129310488
2290192132139
2290129132136
2290192155767
2290129134678
2290129034671
2290129012010
2290129387931
2290192093526
2290129194207
2290129099915
2290129080237
2290129317443
2290192135679
2290129038571
2290129335851
2290129135670
2290129035855
2290192035671
2290129124263
2290129398200
2290192139115
2290129398207
2290192061301
2290192061300
2290129329899
2290192117626
2290192029897
2290129307464
2290129316719
2290129369514
2290129366896
2290192069841
2290192166320
2290129360872
2290129103922
2290129062655
2290129146551
2290192056072
2290129085060
2290129166097
2290129102522
2290192077256
2290192102521
2290192177252
2290192014161
2290192160498
2290192192206
2290129349377
2290192157851
2290129092202
2290129392202
2290192097323
2290192167053
2290129149378
2290192067050
2290192013999
2290192044404
2290192047204
2290129047974
2290192047972
2290192143233
2290129147751
2290129321340
2290192121439
2290129105314
2290129350113
2290129140185
2290192112572
2290129300784
2290129375496
2290129079579
2290129379571
2290192079570
2290192025978
2290129025973
2290129364797
2290192075675
2290192116458
2290129143045
2290129078823
2290129147018
2290129078825
2290129155574
2290129395829
2290129195821
2290129005500
2290192005500
2290192146948
2290192038182
2290129190200
2290129183911
2290129153934
2290129197893
2290129097894
2290192032851
2290129155392
2290129334262
2290129324721
2290192180753
2290129020112
2290129162085
2290129366798
2290192185980
2290129385983
2290129315371
2290192115378
2290129325729
2290192120802
2290192085182
2290192120809
2290129361680
2290129119819
2290192190672
2290192176397
2290129015155
2290129380803
2290192121643
2290192127768
2290192000373
2290129379168
2290192114420
2290129162334
2290192162339
2290129344098
2290129148296
2290192172394
2290192048299
2290129010509
2290129360028
2290192100598
2290192187299
2290192125544
2290129087293
2290192125548
2290129025548
2290192187294
2290192165969
2290129187294
2290192118473
2290129165965
2290192075864
2290129199262
2290129133664
2290192153235
2290129313364
2290192142670
2290192095557
2290129097531
2290192045858
2290192133402
2290192183131
2290192144632
2290192122046
2290192026016
2290129126017
2290192142491
2290129349749
2290192066301
2290129010990
2290192010995
2290129311647
2290192011642
2290129103451
2290192003452
2290129003903
2290192077721
2290129377725
2290129177726
2290192162679
2290129002506
2290129002500
2290129143474
2290192151628
2290192138779
2290129038773
2290129343479
2290129000107
2290129119649
2290129010191
2290192119644
2290129019640
2290192021185
2290129021182
2290129121180
2290129357832
2290129049354
2290129150288
2290129092226
2290129384551
2290192084555
2290129064047
2290192164040
2290129337398
2290129082098
2290129392327
2290129192320
2290129392329
2290192181615
2290129042821
2290129301507
2290192001507
2290192101507
2290192058083
2290192110734
2290192036112
2290192185601
2290129312596
2290192018065
2290129327005
2290192127554
2290192122320
2290129186345
2290192075611
2290129021987
2290129321980
2290192068214
2290129168216
2290129068213
2290192164222
2290129013425
2290129323585
2290129170148
2290192095494
2290129046237
2290129139581
2290129109505
2290129309505
2290192009507
2290129018688
2290129302261
2290129077115
2290192073619
2290192158884
2290192178172
2290129178173
2290192142795
2290129054757
2290129307902
2290192154754
2290129007906
2290129154751
2290129012779
2290129188008
2290129087766
2290192102088
2290192194545
2290129102087
2290192080734
2290129140260
2290192080739
2290129096301
2290129351419
2290192004219
2290129386552
2290129026430
2290192104218
2290129004212
2290129054170
2290192154175
2290192082394
2290129315314
2290129015312
2290129367799
2290192180488
2290192020823
2290129019526
2290192029246
2290129319838
2290129363409
2290129050090
2290192167572
2290129067577
2290129101196
2290129358437
2290129172409
2290129040887
2290129008468
2290129054549
2290192014377
2290129160229
2290192141351
2290129141354
2290192100359
2290192000821
2290129170760
2290192193301
2290192156828
2290192052251
2290129306171
2290129333643
2290129306173
2290192071179
2290129112690
2290129071170
2290129075843
2290129191229
2290129131864
2290129031863
2290192036345
2290129198264
2290192042306
2290129342650
2290192049105
2290129033932
2290129049106
2290129399024
2290192133423
2290129199028
2290192122531
2290129383119
2290129084728
2290192001994
2290129379768
2290192174468
2290192098044
2290129031393
2290192161495
2290129131395
2290129031394
2290129035835
2290129017422
2290192129526
2290192128291
2290129080130
2290129123666
2290129063794
2290129073995
2290129386315
2290192059189
2290129137018
2290129087300
2290129137011
2290192137017
2290129059186
2290192059274
2290192059279
2290129111890
2290192090899
2290192140718
2290129357864
2290129127509
2290129327052
2290129033847
2290129084653
2290129074516
2290192132792
2290129326909
2290192126906
2290192174515
2290192112728
2290129045494
2290129313490
2290192068247
2290129168246
2290192113496
2290192110760
2290129110767
2290129312544
2290192012543
2290129302788
2290129357252
2290129163804
2290192184269
2290192084268
2290129184262
2290129353411
2290129349941
2290129339330
2290129136504
2290129398171
2290129036856
2290192094534
2290129157784
2290129323286
2290129352368
2290129094531
2290192197719
2290129397716
2290192157789
2290192064434
2290129335416
2290129113233
2290129122734
2290192039088
2290129128858
2290192024882
2290192074779
2290129124558
2290129346913
2290129046911
2290129093702
2290192077696
2290192177693
2290192131555
2290192184888
2290129117801
2290192029104
2290129017808
2290192173202
2290192178874
2290129171938
2290129359068
2290129092006
2290129392006
2290129399055
2290192199053
2290192192002
2290129301949
2290129001946
2290192193970
2290192125594
2290129190955
2290129341165
2290129097296
2290129083494
2290192084444
2290192184442
2290192083321
2290129058449
2290129179486
2290129060292
2290129319133
2290129014419
2290129098895
2290192139146
2290129098239
2290129348976
2290129373164
2290192029845
2290129118424
2290129371100
2290129364596
2290192027198
2290129175346
2290129175340
2290192053209
2290129058916
2290129058910
2290129042606
2290129153204
2290192101052
2290192129593
2290129311633
2290129060847
2290192062629
2290129062622
2290129166539
2290192132147
2290192117676
2290129356310
2290192162564
2290129088776
2290192198091
2290192152159
2290192152400
2290129052403
2290129052150
2290129352157
2290129335869
2290129094237
2290192193512
2290129319450
2290129347720
2290192029335
2290192021468
2290129092391
2290192103207
2290192111097
2290129121466
2290129091857
2290192091855
2290129391852
2290129105328
2290129005326
2290129050126
2290129189131
2290192089132
2290129389426
2290192143151
2290129331143
2290192081157
2290129107453
2290129181155
2290192130096
2290129316720
2290129169523
2290129116728
2290129358611
2290129378146
2290129072623
2290192108178
2290192170445
2290192008684
2290129156500
2290129056502
2290129309080
2290129302053
2290192152615
2290129109086
2290129008356
2290192001553
2290192008351
2290129101228
2290192036123
2290129110703
2290192165765
2290129365763
2290129018054
2290129300794
2290129327524
2290192133868
2290129153962
2290129335783
2290129091045
2290192107260
2290129184209
2290129055698
2290129342123
2290129383924
2290192195603
2290192142124
2290192034786
2290129024712
2290192098407
2290192034788
2290192049967
2290192032803
2290129335470
2290192035470
2290129094512
2290129353699
2290192017282
2290129370195
2290129053692
2290129022714
2290129081951
2290129072978
2290192028877
2290129130959
2290192130775
2290129350821
2290192130950
2290192188416
2290192093769
2290129151197
2290129120724
2290129320724
2290192119864
2290192076906
2290129078857
2290129078854
2290129017866
2290129317866
2290129147513
2290192155528
2290129107044
2290129007040
2290129155520
2290129372360
2290129119283
2290129310556
2290129046607
2290129067215
2290192011134
2290192067216
2290192146604
2290192167217
2290129380788
2290129004248
2290192096805
2290129351339
2290192104538
2290129054127
2290192151330
2290129182324
2290192151447
2290192098219
2290192182996
2290129080160
2290129085400
2290129118228
2290192085409
2290192065197
2290192112392
2290192065193
2290129129717
2290129378447
2290192173412
2290192171126
2290129309749
2290192075812
2290129033690
2290192067841
2290129353222
2290129068011
2290129068015
2290192057022
2290129190044
2290129008561
2290129160867
2290129360866
2290129328401
2290192039789
2290129185073
2290192008909
2290192077714
2290129004076
2290192131163
2290129031697
2290192151670
2290129303622
2290129303620
2290192032122
2290192062508
2290192062509
2290129312026
2290129387926
2290129193537
2290192099928
2290129099922
2290129199924
2290129119474
2290192147960
2290129061738
2290129347742
2290129061737
2290129330562
2290129030565
2290129140197
2290129089152
2290129389155
2290129049710
2290129055192
2290129181179
2290129116706
2290129016701
2290129386337
2290192179543
2290129373973
2290192037035
2290129037032
2290129364903
2290192159706
2290129100171
2290129113613
2290192140999
2290129013969
2290129331322
2290129131321
2290129335603
2290192031987
2290129391344
2290129135606
2290192131984
2290192081270
2290192181270
2290129090354
2290192084180
2290192024321
2290192160886
2290129377229
2290192077957
2290129017107
2290129056359
2290192112086
2290192112081
2290129062834
2290129077047
2290129052444
2290129309673
2290192147275
2290129029376
2290129135976
2290192138493
2290192035972
2290129019419
2290192190769
2290192003243
2290129003246
2290129163533
2290192090760
2290192176575
2290129005366
2290129015084
2290192031180
2290129061284
2290192054841
2290129369701
2290192089461
2290192089469
2290129081115
2290129115885
2290129107145
2290129092609
2290192107415
2290192130054
2290129146892
2290192046890
2290129362223
2290192194911
2290192166939
2290129060390
2290192047859
2290129338807
2290129037726
2290192021938
2290192180601
2290129030583
2290192086467
2290129048696
2290129348694
2290129063287
2290129311230
2290129333805
2290129099371
2290129045720
2290129178659
2290129370424
2290192070421
2290129384610
2290129074224
2290129308335
2290129168937
2290129014026
2290129312505
2290129141405
2290129165871
2290192056102
2290129180435
2290192030917
2290192020279
2290129131533
2290129051155
2290129004750
2290129093726
2290129351150
2290129394115
2290192189857
2290129176942
2290129334745
2290129388632
2290192197865
2290129188187
2290129316194
2290129016195
2290192123406
2290129323406
2290192123401
2290129307081
2290129007086
2290129307087
2290129376634
2290192007086
2290192003509
2290192182363
2290192121055
2290192197135
2290129392451
2290129020987
2290129170793
2290192170795
2290129011171
2290192076498
2290129111177
2290129311177
2290192146649
2290129348734
2290192169976
2290192120187
2290192151489
2290129304287
2290129351481
2290129304282
2290192019179
2290129359021
2290192079442
2290192014908
2290129379118
2290192186295
2290192014456
2290129371674
2290129359531
2290129171679
2290129199769
2290129392043
2290129383187
2290129301674
2290192164629
2290192064625
2290129113026
2290192064626
2290129144646
2290129000506
2290129100056
2290129390912
2290192109867
2290192109864
2290129172493
2290192172492
2290129340835
2290129005154
2290192150426
2290129185809
2290129084406
2290129083365
2290129008057
2290129096619
2290129341870
2290192141872
2290129133587
2290192033587
2290129399182
2290129122581
2290192142423
2290192167825
2290192167828
2290129080985
2290129001013
2290192078240
2290192078247
2290129123180
2290129023187
2290129110968
2290129063555
2290192147701
2290192167390
2290129381684
2290129003220
2290192130214
2290192140487
2290192154860
2290129389443
2290192092627
2290129003198
2290192092620
2290129181133
2290192116740
2290192116749
2290129044475
2290192144473
2290129022935
2290192022933
2290192126692
2290129126690
2290129070890
2290129337071
2290192056935
2290129156933
2290192056939
2290192125258
2290129040154
2290129059219
2290129127071
2290192133790
2290129178674
2290192012293
2290129365096
2290192179677
2290129379671
2290129179857
2290129379857
2290129075119
2290129056688
2290129314040
2290192110744
2290129060551
2290192012523
2290129112521
2290129009261
2290192006286
2290192072934
2290129084244
2290129063828
2290129142164
2290129302014
2290129399571
2290129055905
2290129355903
2290129135430
2290192122753
2290129095394
2290129395428
2290129128835
2290129039532
2290129115388
2290192037223
2290129162380
2290192062383
2290192093374
2290129194897
2290129167272
2290192067271
2290129077523
2290129351314
2290192051311
2290129366270
2290129366271
2290192196399
2290192096826
2290192143363
2290129314381
2290192163039
2290129179135
2290192199701
2290129071693
2290192168580
2290129113005
2290192044660
2290129175588
2290192164608
2290129184799
2290129326049
2290129001927
2290192163389
2290129063387
2290129349444
2290192049446
2290192140810
2290129040818
2290192119150
2290129026222
2290129142625
2290129387472
2290192124963
2290129141854
2290129332304
2290129028991
2290129032307
2290192128992
2290192123349
2290192123347
2290129142443
2290129118402
2290192118403
2290129058938
2290129361096
2290192035334
2290129035336
2290129338212
2290129391363
2290192190377
2290129128449
2290129362600
2290192028441
2290129062608
2290192024344
2290192016525
2290129016529
2290129370256
2290192028197
2290129062817
2290129062811
2290129026535
2290129126530
2290129048084
2290129373855
2290129173853
2290129164661
2290129364663
2290129061834
2290129064665
2290192064664
2290129314639
2290192119208
2290192141652
2290129000012
2290129000014
2290192105196
2290129197213
2290192150399
2290129044350
2290129344359
2290192040879
2290129078757
2290192068748
2290192158225
2290192178752
2290129172720
2290129342682
2290129398818
2290129165139
2290192174692
2290129306364
2290129145229
2290129006368
2290129048334
2290192008273
2290129122098
2290129196164
2290192110442
2290129154395
2290192110441
2290192118130
2290129171188
2290192127111
2290129053860
2290129136910
2290192039724
2290192042029
2290192039729
2290129018866
2290192128351
2290129023851
2290129084002
2290129322635
2290129322633
2290129328170
2290192186765
2290129348539
2290129311011
2290192111019
2290129016237
2290129166020
2290129316235
2290129166022
2290129369032
2290192169748
2290192078971
2290192078972
2290129307101
2290129063650
2290192076759
2290129063656
2290129146853
2290129055135
2290192149235
2290192041429
2290129045964
2290129333753
2290129183662
2290129383666
2290129344561
2290192183666
2290192079320
2290129075153
2290129354236
2290129114551
2290129318321
2290129124534
2290192071359
2290129339061
2290192185542
2290129341934
2290192118634
2290192018636
2290192095686
2290192053475
2290192063868
2290192073002
2290129112780
2290129159611
2290129057762
2290192157767
2290129057769
2290129099535
2290192013258
2290129013524
2290192164455
2290129113250
2290129013523
2290129022797
2290129113522
2290129042217
2290129085150
2290192052708
2290129116959
2290192106975
2290129397822
2290129356495
2290129139393
2290129136562
2290192188679
2290129012126
2290129012120
2290129393454
2290192193454
2290129093453
2290192129164
2290129021545
2290192081705
2290192121014
2290129081700
2290129121018
2290129137931
2290129350644
2290192030620
2290192105993
2290129305996
2290129176987
2290129084399
2290129089813
2290129189811
2290192089811
2290129074851
2290129162059
2290192177587
2290192044825
2290129077582
2290129144828
2290192104822
2290192169936
2290129066217
2290129066212
2290129378229
2290192058978
2290192158755
2290192132347
2290129032348
2290192032438
2290192041893
2290192165112
2290129382917
2290129085489
2290129185489
2290129123300
2290192048910
2290129127355
2290129048919
2290129106380
2290192006380
2290129326085
2290129108298
2290129148319
2290192193910
2290129079798
2290192187558
2290129056769
2290192056769
2290192160181
2290192141095
2290129027682
2290129168769
2290192175890
2290129175893
2290192038250
2290192191321
2290129335374
2290192157178
2290192157173
2290129390330
2290129090334
2290129039253
2290129039708
2290192039257
2290192107386
2290129018808
2290192024301
2290129028156
2290192062851
2290192088282
2290129162855
2290192162859
2290129009655
2290129002604
2290129102601
2290192177027
2290129106565
2290129169581
2290129386709
2290129386705
2290192076510
2290129190747
2290192176517
2290129363518
2290192066001
2290129176775
2290129398657
2290192076772
2290129155449
2290192017780
2290192055118
2290192162203
2290192094938
2290129360377
2290192022979
2290129147836
2290129041790
2290192141247
2290192140448
2290129020533
2290192031703
2290192125477
2290129315201
2290192018340
2290192018611
2290129009245
2290129153451
2290192173023
2290192163848
2290192055670
2290192155676
2290129317593
2290129042189
2290129097753
2290129006734
2290129097755
2290129152328
2290192171080
2290129364473
2290129057741
2290129013276
2290129092988
2290192091571
2290129136092
2290129190167
2290192055589
2290129103521
2290192155581
2290129356169
2290129128767
2290129120218
2290129154982
2290129194134
2290129198136
2290129303744
2290129032640
2290129373241
2290192023428
2290192186912
2290192138397
2290192082346
2290129037919
2290129043632
2290129097113
2290192025060
2290129057989
2290129172308
2290192072308
2290129389874
2290129162035
2290129362035
2290129349894
2290129146665
2290192166232
2290129066721
2290129366233
2290129169916
2290129059556
2290129000387
2290192179462
2290129333347
2290129075546
2290192025685
2290129101380
2290192113048
2290129064646
2290192014613
2290129049403
2290192097235
2290192083341
2290192040675
2290129340675
2290129085821
2290129140677
2290192040673
2290192183438
2290192181373
2290192077630
2290129177637
2290192124286
2290192046316
2290129116915
2290192002451
2290129162405
2290129388104
2290192196468
2290129303857
2290192079946
2290192096460
2290192052527
2290129099866
2290129338379
2290192094377
2290129361450
2290129195965
2290192137976
2290129047372
2290129107664
2290192181745
2290129021504
2290192105409
2290129357922
2290192005402
2290192057927
2290129083830
2290129191113
2290192139975
2290129190505
2290129390505
2290192174816
2290192085880
2290129340616
2290129385889
2290129040611
2290192022850
2290129314982
2290129338962
2290129138960
2290129354036
2290129154033
2290192014989
2290129382501
2290129375074
2290192120909
2290129185087
2290192047199
2290129176279
2290192067122
2290129076274
2290129390996
2290129167439
2290129067430
2290129350935
2290129327626
2290192068786
2290129068789
2290129001098
2290129184590
2290129096690
2290192045597
2290129100414
2290129164805
2290129361877
2290129070606
2290192060477
2290129196124
2290192060473
2290192145043
2290192080908
2290129380909
2290192145049
2290192087839
2290192046786
2290129146785
2290192046834
2290129388352
2290129106839
2290129193642
2290192193649
2290129129463
2290192047786
2290192135911
2290129186745
2290192186742
2290129376085
2290192176085
2290192089998
2290129189999
2290192176089
2290129377938
2290129377285
2290192151891
2290129369015
2290129173548
2290129329642
2290192189190
2290129378953
2290129373543
2290129076882
2290192176882
2290129107126
2290129025432
2290192166953
2290129093259
2290129043532
2290192146166
2290129372142
2290129304478
2290192186404
2290129104475
2290129033713
2290129199644
2290129144529
2290192183628
2290129321222
2290192021223
2290129321734
2290129090697
2290129183590
2290129083040
2290192172557
2290129119078
2290129336034
2290192081992
2290129042257
2290129095312
2290129154580
2290129041972
2290192018675
2290192185503
2290129378549
2290129374242
2290129159656
2290129313561
2290192053120
2290129301153
2290192058388
2290129189745
2290129151396
2290129151392
2290192061470
2290129337957
2290192150662
2290129181729
2290129305466
2290192050664
2290129005465
2290192150669
2290129081721
2290129021562
2290129120960
2290129120965
2290129389838
2290129339915
2290192039914
2290192034185
2290192072085
2290192066763
2290129320615
2290129144370
2290129038980
2290192037371
2290192071619
2290192064821
2290192015569
2290129376255
2290129047179
2290129167142
2290129305642
2290192150440
2290129378773
2290192127177
2290129370563
2290129058719
2290129308034
2290129383295
2290129008030
2290129308031
2290129332478
2290192100964
2290129065156
2290129368509
2290129044153
2290129344152
2290192061811
2290192100691
2290192080921
2290192057130
2290129009349
2290129109346
2290129102645
2290192042005
2290192195168
2290192158864
2290129142008
2290192036939
2290129139216
2290129336936
2290129336246
2290192136246
2290192023874
2290192123693
2290192123698
2290192027398
2290129133073
2290192191490
2290129322619
2290192074016
2290192195786
2290129022613
2290192195787
2290192115228
2290129015220
2290192115220
2290129067085
2290129015226
2290192094953
2290129394957
2290129114797
2290129043844
2290129143516
2290192114794
2290129105851
2290192005850
2290129166684
2290129066680
2290129140468
2290192020004
2290129151257
2290192104451
2290129137544
2290129137545
2290129382730
2290129145947
2290192045942
2290129165831
2290192000736
2290129363133
2290129327582
2290192133731
2290129349215
2290192126987
2290192121203
2290192025981
2290192025980
2290192021757
2290192021754
2290129172533
2290129372530
2290129072536
2290192072539
2290129050071
2290129183066
2290129110050
2290192014573
2290129114574
2290192032066
2290129036768
2290129398312
2290129036767
2290192136767
2290129309281
2290129080005
2290129071371
2290129182896
2290129182897
2290129041916
2290192182893
2290129153495
2290129108737
2290192153497
2290129378569
2290129079616
2290192079343
2290129079612
2290129074265
2290129197799
2290129168357
2290192191537
2290192164302
2290192013502
2290192013506
2290129113505
2290129053673
2290129117333
2290129070021
2290129117332
2290192017885
2290129046338
2290129152727
2290192077611
2290192002476
2290192102477
2290129352729
2290129172885
2290129372885
2290192054947
2290129051133
2290192051135
2290129394178
2290129094179
2290129394174
2290129316682
2290192116934
2290129069481
2290129316937
2290192196442
2290129396443
2290129303873
2290129132605
2290192036584
2290129032608
2290192054617
2290129112104
2290129034723
2290129187601
2290129379963
2290192194310
2290192106193
2290192173285
2290129323468
2290129386953
2290129035580
2290129375006
2290129160116
2290129010160
2290129041020
2290129362179
2290129062175
2290192050491
2290129104341
2290129351541
2290129054064
2290192154064
2290129070982
2290192070988
2290192143971
2290129010385
2290129025612
2290129325343
2290129337307
2290129109151
2290129197667
2290192055810
2290192197668
2290129155814
2290129179050
2290129122133
2290129121110
2290192091701
2290129354495
2290129354497
2290129183776
2290192024392
2290192024397
2290192032955
2290129377981
2290129061231
2290192117710
2290129171205
2290129318094
2290129324429
2290192118725
2290129109339
2290192009335
2290192068118
2290192031977
2290192063971
2290192042700
2290192195134
2290192128522
2290192162769
2290192011711
2290129366613
2290192020093
2290129020090
2290129004422
2290129346283
2290129003144
2290192107197
2290129387844
2290129346751
2290129187843
2290192188897
2290192080301
2290192180305
2290129329921
2290129338441
2290129086797
2290129051043
2290129104642
2290192138111
2290129322478
2290129067914
2290129375720
2290192175238
2290192160581
2290129360587
2290192159408
2290129041493
2290129059404
2290129161981
2290129361980
2290129017077
2290192078514
2290129173767
2290192196498
2290129056404
2290129328883
2290129328885
2290192136064
2290129336065
2290192145643
2290129162985
2290192135081
2290129069452
2290129189556
2290192184300
2290129384873
2290192173189
2290192198706
2290192192777
2290129192779
2290129198709
2290192049829
2290129334137
2290192188791
2290192038303
2290129138300
2290129017389
2290129317386
2290192028264
2290192069180
2290129152791
2290129116384
2290192016389
2290129120396
2290192019924
2290129119928
2290129129021
2290129329022
2290129147347
2290192086655
2290129195919
2290129003378
2290192105927
2290129305925
2290129034356
2290129130304
2290129334356
2290129330309
2290129011385
2290129333041
2290192049030
2290129099111
2290192009172
2290192145588
2290192199443
2290192113142
2290129064746
2290192022666
2290129184075
2290129353583
2290129195779
2290192127141
2290192049387
2290192149381
2290129068799
2290129008598
2290192091725
2290129072755
2290129172751
2290129114240
2290129170537
2290129065169
2290192100400
2290129027853
2290192027857
2290129127856
2290129161212
2290129123536
2290192123530
2290192076701
2290192076877
2290129309312
2290129302839
2290129053368
2290129158851
2290192053361
2290129136274
2290129139770
2290192007314
2290192136276
2290129067329
2290129177478
2290129028505
2290192172118
2290192051209
2290192066185
2290129187862
2290192188302
2290129146779
2290129385246
2290192185247
2290129006802
2290129151065
2290129004660
2290129393619
2290129029902
2290129314740
2290129367585
2290192025280
2290192125282
2290192167588
2290129130422
2290129181099
2290192137511
2290129382217
2290129362293
2290192015299
2290129362294
2290129197047
2290192192562
2290129392561
2290129017055
2290129317505
2290129117051
2290192108766
2290129196473
2290192198187
2290192065429
2290129002195
2290192152517
2290129087637
2290192087636
2290129112626
2290129165420
2290129065353
2290192165355
2290129093406
2290192132585
2290129198989
2290129365685
2290129032054
2290192002999
2290192033989
2290129178029
2290192173709
2290192054914
2290129031589
2290129089575
2290129024147
2290129069217
2290192030180
2290129069218
2290129330184
2290129038367
2290192031234
2290129381365
2290129181360
2290129181369
2290192081369
2290129316676
2290192116675
2290192009419
2290129302443
2290192102446
2290129180578
2290129180576
2290129185091
2290129304098
2290192119272
2290192004090
2290129019909
2290129111544
2290129311540
2290192067444
2290192061420
2290129161422
2290192129042
2290129021530
2290129081771
2290192107670
2290129303317
2290129157938
2290192034336
2290192161847
2290129144187
2290129372287
2290129068539
2290192068538
2290129375060
2290129168828
2290129396110
2290129145055
2290129341559
2290192059897
2290129020625
2290192040359
2290129044325
2290192020622
2290192086206
2290192196276
2290129182513
2290129387031
2290129337327
2290129125365
2290129325362
2290192169411
2290129169413
2290129157357
2290129169143
2290129091185
2290129127937
2290129127931
2290129391189
2290129189265
2290192084346
2290129355008
2290129049860
2290129055005
2290129139473
2290192102179
2290129099215
2290129199216
2290129002173
2290129035511
2290129142379
2290192095073
2290192177827
2290192024218
2290129028952
2290192030877
2290192130693
2290192134391
2290129130879
2290129056001
2290129156002
2290129334399
2290192020469
2290129180510
2290192138708
2290192186610
2290192194299
2290129355264
2290129121334
2290129121335
2290129125651
2290192125306
2290129168841
2290192168847
2290129134822
2290129334827
2290129360157
2290129350982
2290129011522
2290192115647
2290192015861
2290129052854
2290129344923
2290192052858
2290192086263
2290129148052
2290192082571
2290129137612
2290129043248
2290129347298
2290129043247
2290192171791
2290129300464
2290129179276
2290129059165
2290129345299
2290192009110
2290192055851
2290129157632
2290129164271
2290192023885
2290192057637
2290129095715
2290192042567
2290192142567
2290192195242
2290129101802
2290129341066
2290129141062
2290192121158
2290129159835
2290192005034
2290192105037
2290129027655
2290129105030
2290192050231
2290192127655
2290129092295
2290129392297
2290129192296
2290192083732
2290129058782
2290129158782
2290129364094
2290129140912
2290192083228
2290192164093
2290129340914
2290192164091
2290129026307
2290192189929
2290192183980
2290129303161
2290192076838
2290192103166
2290129376830
2290192046739
2290192046734
2290129180326
2290192080324
2290129385202
2290129094606
2290129102742
2290129106844
2290129306846
2290129351026
2290129304997
2290192110825
2290129343589
2290192149510
2290129149518
2290129191953
2290192044268
2290192181055
2290192192527
2290129066498
2290192148205
2290192086055
2290192121831
2290192071073
2290129141183
2290129027244
2290129027248
2290192126447
2290129086582
2290129186584
2290129119776
2290192059337
2290129119087
2290192196356
2290129359339
2290192096352
2290129125798
2290192111994
2290192115476
2290129011990
2290129067728
2290129125797
2290129040054
2290192068459
2290192127425
2290129070302
2290129158178
2290192158178
2290129074149
2290192106120
2290129365915
2290192065915
2290129062494
2290192053153
2290192108439
2290129354518
2290192165663
2290129000878
2290192198961
2290129385597
2290129333961
2290129133966
2290192045606
2290129045605
2290129380530
2290129105904
2290129034375
2290129320409
2290129120406
2290129193002
2290192111501
2290192137495
2290129137490
2290192138581
2290192117908
2290129390412
2290129195935
2290192129559
2290129395934
2290192129558
2290192195933
2290192017903
2290129103356
2290192003351
2290129081661
2290129391898
2290192154300
2290192170653
2290192060139
2290129160131
2290129115629
2290129315629
2290129315622
2290129020669
2290129166866
2290129393146
2290192120660
2290192010361
2290129051565
2290129325322
2290129325329
2290192182005
2290129059140
2290129057652
2290192199409
2290129175681
2290192075680
2290129197642
2290129397642
2290129075688
2290192099407
2290192149072
2290129022114
2290192136182
2290129342542
2290129195736
2290129395735
2290192045018
2290129041042
2290129141514
2290129345010
2290129041511
2290129040937
2290129040936
2290192072798
2290129157532
2290129308080
2290129083208
2290192083754
2290129179212
2290129300444
2290129326854
2290129014289
2290129032976
2290192132752
2290129036980
2290129388521
2290129065073
2290129318564
2290129112271
2290129394068
2290129317223
2290129073534
2290129371262
2290129374084
2290192174086
2290192175974
2290129306594
2290129168132
2290129342762
2290192190383
2290129090384
2290129358810
2290192053895
2290129363495
2290192047662
2290129314894
2290129109935
2290129071442
2290129030443
2290192130446
2290129050577
2290192050574
2290129350575
2290129083547
2290129183014
2290129091935
2290129337825
2290192137824
2290129089059
2290129343706
2290129320897
2290129320892
2290192094875
2290192594873
2290129359683
2290192187204
2290192087206
2290129087208
2290129325801
2290192068618
2290129182492
2290192082496
2290192182497
2290192067705
2290129033238
2290192144066
2290192168472
2290129117018
2290129054689
2290129156424
2290129087678
2290129374165
2290129365399
2290192199892
2290129302150
2290192106454
2290192153171
2290192101450
2290129358485
2290192032010
2290129310629
2290129396700
2290192110622
2290129312443
2290192082822
2290129362969
2290129033944
2290192027403
2290192133497
2290192057336
2290192057339
2290192189207
2290192039459
2290129398768
2290192155798
2290129007509
2290129355029
2290129392713
2290192094415
2290129094410
2290129394410
2290129053791
2290192081324
2290192172833
2290192024989
2290129324987
2290129061909
2290192144595
2290192140092
2290192140099
2290192194817
2290129337153
2290129080878
2290192025535
2290192020165
2290129396312
2290129026405
2290129382436
2290129159378
2290192182433
2290192182383
2290129359371
2290192199789
2290129133921
2290129123929
2290129099038
2290129349114
2290192078597
2290129013089
2290192070347
2290129065953
2290129165954
2290192174452
2290129327206
2290129113889
2290192058425
2290129154558
2290129132527
2290192162905
2290129112420
2290192041328
2290129162909
2290129124255
2290129369109
2290192016300
2290129173458
2290129055040
2290129155731
2290192098075
2290129306164
2290129152240
2290129118487
2290129318481
2290192175858
2290129375853
2290129395522
2290129381382
2290129381386
2290192160829
2290129111301
2290129377751
2290192051638
2290129385033
2290129043469
2290192088716
2290129088247
2290192034606
2290129188240
2290192134608
2290129380266
2290192048407
2290192080263
2290192038524
2290129138520
2290129161488
2290192161488
2290129174336
2290129374330
2290129022374
2290192173910
2290129357612
2290129001288
2290129001820
2290192001821
2290192101533
2290129159764
2290192159812
2290129050253
2290129150252
2290129350250
2290129049301
2290192113675
2290192126634
2290192156566
2290129088077
2290192096559
2290129374590
2290129074591
2290192085387
2290192078340
2290129035496
2290129036414
2290129095267
2290129075424
2290192178124
2290129329984
2290192104952
2290129307283
2290129090259
2290129339805
2290192090259
2290192007289
2290129163881
2290192163882
2290192146192
2290129046195
2290192146194
2290129072199
2290192177164
2290129148890
2290192109539
2290129102704
2290129106881
2290192080494
2290129319517
2290192090640
2290129063474
2290192063477
2290192163474
2290129163470
2290129090646
2290129095850
2290129343014
2290129147024
2290129347024
2290192029183
2290192007759
2290129307025
2290192007020
2290192181017
2290129150889
2290129050887
2290192150731
2290129188923
2290192133909
2290129023769
2290129323768
2290192022546
2290192028023
2290129174436
2290129013864
2290192142972
2290129108450
2290192158375
2290129132508
2290129060219
2290192010664
2290129332500
2290129198906
2290129310660
2290129310661
2290129165603
2290192162924
2290129312406
2290192009496
2290129372879
2290129118244
2290192061357
2290129369164
2290129069163
2290129357376
2290192183887
2290129329777
2290129383883
2290192083889
2290192055068
2290129098019
2290129103648
2290129339499
2290129007544
2290192192886
2290129399236
2290129199235
2290192091210
2290192161035
2290129113311
2290129161030
2290129313311
2290192058990
2290192028790
2290192036376
2290192039676
2290192139677
2290192046505
2290129146507
2290129146052
2290192193042
2290129020331
2290192016899
2290192120339
2290129338722
2290192043488
2290192043483
2290129034156
2290129030100
2290129034626
2290192034151
2290192187947
2290192193592
2290192016090
2290192152481
2290192147451
2290129086637
2290129303460
2290192025672
2290129337633
2290192134840
2290192134848
2290192072200
2290192010491
2290129370699
2290129170698
2290192160176
2290192070697
2290192115847
2290129115666
2290129369837
2290192069834
2290129052872
2290129110326
2290192147909
2290192132220
2290192096573
2290129188050
2290129324681
2290129124680
2290129087738
2290129312259
2290192124687
2290129178323
2290129086867
2290129086866
2290129336439
2290129079099
2290129118768
2290192123081
2290192023088
2290129175405
2290129308607
2290129008609
2290129384288
2290192031420
2290192011755
2290129160981
2290129060988
2290129139868
2290192074948
2290129024028
2290129366127
2290192116400
2290129069603
2290192166123
2290192069355
2290192176812
2290129170112
2290129346713
2290192152075
2290192052076
2290129104977
2290192135701
2290129104974
2290129194624
2290192163456
2290129163452
2290192190624
2290129029216
2290129319576
2290129347620
2290192047621
2290129091971
2290192130484
2290129305739
2290129150534
2290129040219
2290129096995
2290129343747
2290129147598
2290192047598
2290192037867
2290129395879
2290192092508
2290129105554
2290192120858
2290192044029
2290129044025
2290192026792
2290129021817
2290129083509
2290129183508
2290129144243
2290129044242
2290192019751
2290129145995
2290129345992
2290192163184
2290129315456
2290192015325
2290129391063
2290129091066
2290129389343
2290192189349
2290192198420
2290192139376
2290192198424
2290129036810
2290192055363
2290129136819
2290192124738
2290129124040
2290129035457
2290129078384
2290192035458
2290192035459
2290129123240
2290192028630
2290129146227
2290129324598
2290192074731
2290129174735
2290129009572
2290192109572
2290129120295
2290129061694
2290129063438
2290192029272
2290129047686
2290192111446
2290129309992
2290192016466
2290192069666
2290192066145
2290129178830
2290192003033
2290192003032
2290192107067
2290129334411
2290192188964
2290192046951
2290192134415
2290192115345
2290192172382
2290192114690
2290192110534
2290129160015
2290129160018
2290129393333
2290129000564
2290192082696
2290192056853
2290192082699
2290129305798
2290192050590
2290129151467
2290129054106
2290129148750
2290129080766
2290129380767
2290129320124
2290192152991
2290129196869
2290192187118
2290192082470
2290129125718
2290129137995
2290129082477
2290192187117
2290192045687
2290129312977
2290129199078
2290129049157
2290192149154
2290129101966
2290192001965
2290129042484
2290129345138
2290192149486
2290129345135
2290129125570
2290192180839
2290192141102
2290192157458
2290129057450
2290192105130
2290192050332
2290129150333
2290129300302
2290129014436
2290129319113
2290129122293
2290192019111
2290192119110
2290129011672
2290129111679
2290129193087
2290129016580
2290129016583
2290192085050
2290129020377
2290192002513
2290192131109
2290192143197
2290192031104
2290129098058
2290129188224
2290129032102
2290192062528
2290192112009
2290129188730
2290192088730
2290192048428
2290192099904
2290192017451
2290129317985
2290192138504
2290192043998
2290192082089
2290129021359
2290129030503
2290129305897
2290129120598
2290192037416
2290192084904
2290129084902
2290192015801
2290129092684
2290192111587
2290129144945
2290129144940
2290192134086
2290129070963
2290129026367
2290192186353
2290192086352
2290192094992
2290192056998
2290192168206
2290129313183
2290129375602
2290129310188
2290192100116
2290192159725
2290129157824
2290192044415
2290192013630
2290192140757
2290129140754
2290129164034
2290129064035
2290129358674
2290192001797
2290192058895
2290129372609
2290192101792
2290192178164
2290192007937
2290129054741
2290129356528
2290192145456
2290129056527
2290129352636
2290129053016
2290129196046
2290192136108
2290192156663
2290192156669
2290192136106
2290129318071
2290192165784
2290129333885
2290129033886
2290192014812
2290129319823
2290129019537
2290192010841
2290129310848
2290129376418
2290129015144
2290129369318
2290129116442
2290192069647
2290192047001
2290129178813
2290192171999
2290129155568
2290192003050
2290129081037
2290192007002
2290129095831
2290129355567
2290129095836
2290192188908
2290129030736
2290129150862
2290129330735
2290129388902
2290129161923
2290192161929
2290129060035
2290192060781
2290129025552
2290129041697
2290192125554
2290129300588
2290129356836
2290192125889
2290129082671
2290192180748
2290129026423
2290192051407
2290129319799
2290192019791
2290129025088
2290192025081
2290129025086
2290129397526
2290192099015
2290192145846
2290129345334
2290192045332
2290192145332
2290129123907
2290129183104
2290129027770
2290129327770
2290129068699
2290129084484
2290192168694
2290129154576
2290129314367
2290129360255
2290192114364
2290129014369
2290129314368
2290192026288
2290192154578
2290192079193
2290129300361
2290192100367
2290192118202
2290192118204
2290129328933
2290129098271
2290192069128
2290192129888
2290129129886
2290129329887
2290192063787
2290192018464
2290129018467
2290129365979
2290129164556
2290192157002
2290129064554
2290192099275
2290192053717
2290192168039
2290129339105
2290129395015
2290129395544
2290192037384
2290129037383
2290129192337
2290129181601
2290129030528
2290129191833
2290192115826
2290192149759
2290129049750
2290192166379
2290129010303
2290192170905
2290192070901
2290192170902
2290129179509
2290129371757
2290192071753
2290129159129
2290192159124
2290192108396
2290129368999
2290192113437
2290192063225
2290129359748
2290192019656
2290129157551
2290129192254
2290192149327
2290129005077
2290129383266
2290192170482
2290192154764
2290129073665
2290192107910
2290129007911
2290129326966
2290129326962
2290192045436
2290129052386
2290192156546
2290192194004
2290129323597
2290129394001
2290192052651
2290192175445
2290129145786
2290129171281
2290129071280
2290129368195
2290129023043
2290192175993
2290129104939
2290129357235
2290192157236
2290129190271
2290129090272
2290129374906
2290129198443
2290129339356
2290192032845
2290129034291
2290192134292
2290129134295
2290129135128
2290129373597
2290129370151
2290129128611
2290129074713
2290129002278
2290129006208
2290192006206
2290192106205
2290129106200