254746301352
254746341452
254746305282
254746323429
254746325280
254746326908
254746328151
254746352816
254746353740
254746358155
254746386512
254746325320
254746393422
254746313423
254746395288
254746383425
254746398090
254746369307
254746389306
254746389305
254746339304
254746378393
254746319302
254746337347
254746390422
254746327348
254746318254
254746338527
254746368527
254746388520
254746308250
254746396998
254746364003
254746368895
254746348896
254746368896
254746371523
254746384007
254746388894
254746399955
254746301528
254746324419
254746376743
254746338782
254746386744
254746331035
254746357644
254746377644
254746387645
254746361031
254746311030
254746367642
254746377642
254746320920
254746376469
254746330923
254746368414
254746310929
254746343102
254746370886
254746316466
254746364520
254746315980
254746374522
254746376235
254746316232
254746386231
254746368553
254746378802
254746334480
254746352678
254746308938
254746303886
254746383553
254746307935
254746370191
254746328932
254746308931
254746312778
254746330219
254746333256
254746313927
254746343254
254746352677
254746366642
254746356168
254746382674
254746393924
254746339045
254746319129
254746386164
254746391671
254746351676
254746322072
254746324945
254746308735
254746323959
254746333816
254746308989
254746358989
254746358738
254746304867
254746374864
254746323950
254746392377
254746348981
254746332880
254746322883
254746375355
254746385355
254746393328
254746375219
254746323087
254746313084
254746312491
254746382889
254746347335
254746393084
254746355803
254746315804
254746320451
254746302397
254746307333
254746392399
254746332398
254746398320
254746375964
254746340692
254746321855
254746397540
254746380515
254746381913
254746381911
254746310512
254746336011
254746355453
254746369605
254746322467
254746356941
254746384766
254746331315
254746391315
254746345930
254746368353
254746392263
254746325933
254746385933
254746335936
254746398355
254746312505
254746323668
254746338215
254746357267
254746350544
254746370545
254746390469
254746389676
254746301965
254746391961
254746309772
254746315831
254746327305
254746342693
254746375830
254746390467
254746357303
254746382697
254746366189
254746386181
254746387458
254746399187
254746329180
254746365647
254746395644
254746375063
254746334696
254746324168
254746374045
254746385069
254746349855
254746306838
254746363410
254746346830
254746336787
254746311363
254746316782
254746365746
254746306781
254746365744
254746306273
254746373383
254746378517
254746393381
254746329980
254746358513
254746383384
254746368454
254746318107
254746379594
254746349595
254746346544
254746379988
254746349459
254746390960
254746390962
254746398456
254746334606
254746399292
254746304569
254746344602
254746341082
254746366374
254746382048
254746360647
254746340313
254746333846
254746353516
254746362733
254746300318
254746350085
254746361143
254746364465
254746386609
254746336608
254746391630
254746317739
254746337739
254746361221
254746379000
254746300723
254746320089
254746331227
254746394902
254746399001
254746364908
254746364094
254746394095
254746350811
254746362130
254746398777
254746367841
254746320818
254746317847
254746342138
254746328772
254746350819
254746300143
254746305485
254746372601
254746373202
254746397845
254746302604
254746370498
254746372609
254746330149
254746317586
254746300261
254746347940
254746340267
254746313564
254746385842
254746360264
254746386055
254746390267
254746391709
254746369070
254746321815
254746300797
254746381813
254746301705
254746331810
254746340795
254746378976
254746394837
254746303966
254746343966
254746312289
254746374831
254746342329
254746343686
254746395413
254746363968
254746304838
254746303621
254746355209
254746383627
254746342542
254746392542
254746376591
254746326590
254746343989
254746322385
254746339223
254746356389
254746390500
254746387553
254746329637
254746379635
254746389143
254746341922
254746382792
254746355446
254746315526
254746357411
254746315522
254746311326
254746305703
254746321449
254746335702
254746325700
254746344794
254746359792
254746363188
254746369796
254746399796
254746358263
254746302532
254746356500
254746303021
254746366979
254746348264
254746353455
254746378267
254746388269
254746309498
254746386508
254746315331
254746319314
254746378384
254746308382
254746307351
254746326330
254746347055
254746369705
254746380431
254746348388
254746372944
254746347053
254746385900
254746388383
254746337520
254746305631
254746396981
254746397521
254746306989
254746314726
254746331260
254746300983
254746352168
254746302167
254746350763
254746300826
254746352162
254746362164
254746365114
254746341108
254746331103
254746315119
254746318032
254746347773
254746358034
254746327175
254746369913
254746339521
254746309525
254746312319
254746340227
254746347907
254746352318
254746368928
254746372764
254746373526
254746352768
254746300184
254746313247
254746300182
254746318926
254746393931
254746398927
254746359034
254746301743
254746344335
254746344337
254746349033
254746371215
254746374336
254746311581
254746387703
254746302007
254746323808
254746350299
254746358725
254746307834
254746332364
254746344973
254746394972
254746373805
254746353275
254746310175
254746392612
254746342614
254746363379
254746372999
254746382995
254746367591
254746374200
254746384202
254746306105
254746307897
254746310376
254746339265
254746392755
254746310275
254746317955
254746353571
254746371651
254746330789
254746369067
254746326663
254746341715
254746321803
254746373873
254746342354
254746333978
254746313870
254746362354
254746372354
254746373870
254746333972
254746362294
254746317691
254746342290
254746345271
254746325277
254746375275
254746399675
254746361987
254746340472
254746370473
254746373309
254746342275
254746397099
254746332901
254746352273
254746337315
254746337091
254746355943
254746357091
254746373300
254746332908
254746317094
254746315583
254746327097
254746319219
254746383303
254746388222
254746301974
254746309196
254746349665
254746381975
254746320573
254746330573
254746309213
254746319212
254746337252
254746309217
254746359741
254746382581
254746303782
254746305578
254746345677
254746345678
254746361875
254746377448
254746317449
254746351023
254746351534
254746320009
254746328866
254746314159
254746387133
254746354152
254746333053
254746345389
254746356572
254746385383
254746364555
254746329816
254746324557
254746329813
254746389812
254746309366
254746304495
254746324275
254746380307
254746310300
254746390717
254746300714
254746350653
254746342198
254746351156
254746374474
254746380096
254746384472
254746341153
254746327742
254746361255
254746384933
254746347180
254746377629
254746358680
254746397620
254746364381
254746344386
254746310398
254746357879
254746362717
254746330589
254746302307
254746332657
254746383531
254746364245
254746354244
254746369023
254746314240
254746334328
254746388657
254746328658
254746338658
254746334968
254746322152
254746340833
254746350834
254746310835
254746377988
254746367985
254746322011
254746370838
254746354965
254746367982
254746322233
254746372231
254746343340
254746355239
254746372235
254746315540
254746365542
254746355232
254746319254
254746330240
254746383583
254746330244
254746390245
254746332620
254746335863
254746345860
254746369397
254746319258
254746353996
254746363996
254746301725
254746341727
254746329159
254746371726
254746397408
254746321937
254746381930
254746316134
254746366134
254746325435
254746323902
254746371475
254746321474
254746301473
254746304054
254746354055
254746324504
254746361574
254746339844
254746314503
254746379845
254746382903
254746375758
254746385194
254746394052
254746335695
254746383150
254746346920
254746376845
254746367007
254746339447
254746317002
254746333019
254746313391
254746362978
254746369990
254746306531
254746326533
254746383398
254746376083
254746394619
254746359281
254746314612
254746316089
254746304610
254746324612
254746396363
254746390051
254746384437
254746380755
254746318485
254746321297
254746351059
254746357147
254746301052
254746365127
254746367667
254746333120
254746398004
254746328003
254746333127
254746336447
254746376720
254746396448
254746318008
254746349431
254746309430
254746348820
254746319437
254746359437
254746391182
254746359532
254746370903
254746394362
254746314288
254746377818
254746380704
254746354283
254746347815
254746344287
254746304882
254746327617
254746334886
254746397615
254746304442
254746360063
254746304888
254746384440
254746384446
254746394442
254746397757
254746336712
254746331491
254746391490
254746304928
254746329501
254746360388
254746330389
254746318196
254746368199
254746320381
254746398055
254746372110
254746308904
254746323546
254746383546
254746398901
254746353261
254746393266
254746322668
254746377886
254746344212
254746363898
254746302748
254746322748
254746370204
254746387921
254746389116
254746320368
254746346674
254746324951
254746393860
254746312060
254746334957
254746303868
254746357683
254746374814
254746303190
254746324785
254746351338
254746395301
254746314780
254746375712
254746343197
254746363198
254746306880
254746346968
254746346969
254746315718
254746311337
254746366880
254746366881
254746306283
254746371331
254746371336
254746329483
254746396281
254746307047
254746396887
254746303762
254746393766
254746308170
254746326322
254746359899
254746338371
254746339896
254746360401
254746378371
254746320406
254746302933
254746330404
254746305624
254746325625
254746361015
254746359874
254746379877
254746388878
254746348874
254746321387
254746335761
254746356814
254746366812
254746335764
254746336813
254746395000
254746377106
254746374142
254746325399
254746332840
254746352840
254746373045
254746378571
254746392845
254746389573
254746370943
254746328471
254746340946
254746313160
254746338477
254746358474
254746314663
254746325092
254746339377
254746316352
254746373048
254746380947
254746314664
254746329803
254746309475
254746318286
254746335098
254746356214
254746384546
254746381127
254746344405
254746340745
254746358888
254746337150
254746388797
254746381518
254746341517
254746345038
254746371043
254746344033
254746364033
254746351047
254746306456
254746346456
254746365135
254746367652
254746338407
254746377650
254746338404
254746316757
254746354533
254746346220
254746349930
254746389931
254746354535
254746399930
254746348832
254746359939
254746319428
254746368834
254746384252
254746391195
254746353509
254746394255
254746327295
254746362700
254746387293
254746307292
254746313854
254746343502
254746331239
254746341601
254746356638
254746309016
254746377480
254746360735
254746311234
254746317485
254746338666
254746378665
254746308660
254746354084
254746367855
254746362146
254746337996
254746378706
254746363725
254746332561
254746355596
254746353720
254746323486
254746305269
254746312480
254746352484
254746345341
254746333649
254746328337
254746347326
254746307323
254746347323
254746303318
254746393312
254746379614
254746380569
254746387570
254746387577
254746349613
254746399754
254746379755
254746359202
254746379618
254746387478
254746375669
254746355502
254746331867
254746337471
254746305660
254746305043
254746394102
254746371467
254746316526
254746302413
254746336526
254746362412
254746392413
254746353436
254746312418
254746396254
254746302809
254746345298
254746356258
254746385291
254746385293
254746334741
254746389728
254746335880
254746379688
254746376316
254746354623
254746319867
254746329865
254746365177
254746389908
254746374175
254746341552
254746361418
254746321009
254746363170
254746346415
254746326821
254746306820
254746316792
254746351399
254746357116
254746334682
254746391399
254746396793
254746332854
254746360979
254746382851
254746380975
254746399582
254746335080
254746335081
254746365083
254746324578
254746365089
254746311095
254746351095
254746301091
254746311090
254746366262
254746310774
254746376348
254746381274
254746320771
254746360678
254746311270
254746360674
254746360852
254746310855
254746311278
254746317600
254746327600
254746364890
254746375102
254746314594
254746327605
254746307768
254746334596
254746337768
254746354598
254746370075
254746361174
254746348747
254746356705
254746308749
254746357167
254746386709
254746318842
254746382102
254746342203
254746355229
254746395228
254746343356
254746313594
254746307974
254746395652
254746399161
254746396040
254746349165
254746325858
254746366042
254746340154
254746345856
254746305852
254746350258
254746321828
254746316683
254746381732
254746386126
254746336127
254746396124
254746326125
254746349088
254746326689
254746331739
254746328942
254746303911
254746336688
254746367439
254746323477
254746395311
254746371309
254746312455
254746312458
254746346895
254746372459
254746326958
254746376891
254746343670
254746327074
254746348200
254746392924
254746322925
254746363770
254746328165
254746392925
254746395925
254746398164
254746318161
254746348208
254746380555
254746397277
254746350559
254746338367
254746388366
254746339887
254746397376
254746388361
254746351894
254746385799
254746391891
254746381959
254746395799
254746336197