59167093946
59167013944
59167097643
59167006942
59167056942
59167063940
59167050941
59167085942
59167046948
59167071949
59167080316
59167006315
59167067315
59167063313
59167077647
59167080315
59167004310
59167039310
59167060310
59167038319
59167030318
59167078353
59167082910
59167060549
59167025546
59167021547
59167046544
59167067545
59167093545
59167032389
59167098263
59167026260
59167001267
59167047266
59167002265
59167052265
59167062267
59167041381
59167008382
59167019382
59167020383
59167029268
59167040268
59167012387
59167043383
59167030433
59167016433
59167007430
59167005436
59167027437
59167004434
59167008431
59167049430
59167063436
59167023438
59167028438
59167091434
59167066598
59167082148
59167087895
59167071729
59167083064
59167094227
59167082726
59167024009
59167013008
59167069009
59167043066
59167048000
59167081000
59167083006
59167060005
59167049004
59167094006
59167024643
59167078642
59167036645
59167075645
59167020647
59167015729
59167012726
59167009727
59167017649
59167020726
59167024648
59167037649
59167046726
59167039721
59167047724
59167057722
59167060727
59167063725
59167099725
59167061695
59167092692
59167098692
59167085693
59167093693
59167070451
59167072451
59167075409
59167014824
59167062826
59167080823
59167003822
59167016822
59167079405
59167002829
59167007828
59167023828
59167070829
59167081698
59167063226
59167090404
59167052219
59167064410
59167087699
59167088699
59167092404
59167080212
59167032213
59167093218
59167000211
59167050211
59167063217
59167084216
59167027353
59167040353
59167036351
59167033350
59167009357
59167067353
59167014355
59167069353
59167077356
59167078222
59167076359
59167019358
59167083221
59167096149
59167084220
59167067145
59167086882
59167059142
59167099188
59167067189
59167076880
59167085143
59167030182
59167014183
59167032183
59167037183
59167041186
59167016187
59167054180
59167057180
59167063184
59167073140
59167074185
59167089141
59167091886
59167021139
59167059139
59167005137
59167054136
59167072138
59167025133
59167072132
59167030131
59167003506
59167014506
59167021507
59167008505
59167014502
59167033506
59167028500
59167051507
59167069505
59167074503
59167079507
59167080759
59167082759
59167034508
59167028509
59167035508
59167058508
59167052757
59167064598
59167000775
59167031775
59167001478
59167007479
59167009777
59167012776
59167025777
59167037476
59167007472
59167039474
59167039774
59167055471
59167058778
59167072475
59167057632
59167075755
59167088472
59167090473
59167093473
59167099618
59167099887
59167088597
59167097619
59167051617
59167096617
59167096571
59167011678
59167064348
59167081679
59167067349
59167085612
59167090349
59167049670
59167045671
59167007673
59167033673
59167004676
59167022676
59167032677
59167018851
59167042852
59167042918
59167026609
59167038608
59167017856
59167052851
59167045858
59167013604
59167007607
59167026604
59167028915
59167030600
59167030915
59167016602
59167017916
59167034913
59167045602
59167050912
59167058601
59167096347
59167048982
59167053980
59167019981
59167020987
59167020984
59167034985
59167048984
59167066985
59167090075
59167096504
59167084921
59167079922
59167060559
59167063558
59167096559
59167027493
59167057923
59167010495
59167061493
59167053497
59167011498
59167013550
59167017499
59167054551
59167059498
59167028554
59167027557
59167012556
59167017256
59167079550
59167058254
59167065254
59167070926
59167083925
59167026250
59167058251
59167044397
59167046397
59167055927
59167088424
59167098927
59167008392
59167015391
59167035258
59167047259
59167091390
59167097390
59167075509
59167068787
59167081173
59167093780
59167022782
59167094783
59167095782
59167051073
59167097782
59167000178
59167011077
59167084171
59167008075
59167013075
59167019172
59167032172
59167040079
59167045177
59167056078
59167012175
59167067075
59167072170
59167027635
59167005636
59167006636
59167002924
59167004738
59167011926
59167015738
59167019636
59167027929
59167001734
59167006737
59167015731
59167026638
59167037927
59167010732
59167042639
59167046928
59167054929
59167071639
59167072733
59167077770
59167081732
59167070773
59167076774
59167060741
59167078778
59167090778
59167099778
59167057819
59167070819
59167002814
59167091744
59167090816
59167093815
59167003811
59167049745
59167060813
59167089813
59167053746
59167093956
59167076950
59167065747
59167087747
59167012959
59167038958
59167055959
59167076959
59167011328
59167031328
59167080329
59167034322
59167026320
59167029321
59167009326
59167014326
59167061326
59167051325
59167056325
59167063320
59167078326
59167089857
59167094324
59167066292
59167012293
59167029290
59167010290
59167003291
59167001297
59167026293
59167031296
59167035296
59167044295
59167051296
59167068295
59167092297
59167008199
59167020198
59167053199
59167029191
59167035191
59167061193
59167003194
59167089194
59167035196
59167046196
59167096196
59167077478
59167062102
59167039514
59167012100
59167060103
59167028511
59167011106
59167014104
59167029512
59167045513
59167065102
59167078516
59167076109
59167020519
59167038518
59167082108
59167099519
59167031421
59167099493
59167022423
59167056423
59167000425
59167072424
59167004588
59167028588
59167034588
59167036429
59167037428
59167027585
59167007582
59167037585
59167043428
59167043429
59167044581
59167080495
59167088428
59167095496
59167098580
59167077923
59167053748
59167064748
59167088749
59167066038
59167004036
59167009740
59167014037
59167023743
59167001744
59167006745
59167013030
59167014745
59167016032
59167031034
59167041030
59167045747
59167009843
59167048032
59167040841
59167051847
59167031964
59167018965
59167049966
59167068840
59167006960
59167016961
59167023962
59167081848
59167083840
59167092962
59167094966
59167010990
59167008993
59167025990
59167070996
59167037999
59167003998
59167016998
59167020998
59167099609
59167005209
59167047208
59167077209
59167017563
59167052563
59167051567
59167071201
59167004569
59167080608
59167095202
59167056205
59167086204
59167075365
59167018362
59167048362
59167067363
59167033361
59167015368
59167021369
59167036369
59167004098
59167024098
59167057094
59167056093
59167018061
59167005792
59167017791
59167023790
59167034060
59167042796
59167047792
59167040794
59167042410
59167025147
59167002412
59167016412
59167028145
59167031414
59167034798
59167037143
59167038142
59167014705
59167043068
59167044415
59167045798
59167033468
59167039702
59167048703
59167010465
59167052705
59167047467
59167053707
59167017708
59167048708
59167006463
59167049460
59167065708
59167071464
59167080460
59167079766
59167086462
59167097461
59167084106
59167094014
59167083669
59167026668
59167038667
59167029666
59167050665
59167066664
59167056663
59167058010
59167053661
59167036660
59167074010
59167099661
59167092013
59167021803
59167069802
59167086801
59167002807
59167058807
59167034805
59167055805
59167068804
59167073804
59167074807
59167096792
59167065791
59167066791
59167004230
59167001338
59167001895
59167006230
59167019231
59167044339
59167039892
59167005893
59167044892
59167010239
59167060235
59167062330
59167064236
59167041899
59167015337
59167044336
59167062337
59167077796
59167078332
59167081899
59167085337
59167074653
59167087650
59167046799
59167083656
59167084799
59167085656
59167098019
59167022487
59167078487
59167003485
59167055485
59167017528
59167030483
59167036482
59167039482
59167052482
59167052903
59167018526
59167017527
59167049520
59167054521
59167051522
59167055481
59167009245
59167061608
59167024247
59167066245
59167069244
59167027240
59167071245
59167079489
59167081245
59167083240
59167090605
59167095241
59167023249
59167097242
59167025454
59167040455
59167043456
59167037457
59167001599
59167003599
59167013598
59167046451
59167036595
59167062594
59167038597
59167050597
59167018591
59167005459
59167031593
59167011592
59167041593
59167048592
59167062590
59167064596
59167068590
59167069418
59167093796
59167095592
59167096154
59167086156
59167058697
59167060694
59167002695
59167015029
59167026692
59167034029
59167040691
59167041691
59167021756
59167048759
59167049755
59167048753
59167000752
59167029023
59167010022
59167043698
59167030936
59167034935
59167022934
59167032933
59167045934
59167005931
59167071718
59167072628
59167079931
59167001621
59167075621
59167043627
59167000626
59167047627
59167046624
59167050414
59167062939
59167072938
59167077626
59167080414
59167091624
59167092939
59167094029
59167087239
59167084025
59167051026
59167064026
59167095020
59167042576
59167009574
59167076278
59167067279
59167020571
59167046570
59167052570
59167020275
59167056570
59167047277
59167073275
59167082573
59167007272
59167057579
59167000375
59167058374
59167098270
59167023371
59167041370
59167025373
59167074370
59167089379
59167035281
59167086281
59167025283
59167013282
59167067260
59167076282
59167041286
59167071289
59167062338
59167082338
59167069266
59167075266
59167086338
59167085265
59167098669
59167090264
59167095331
59167065058
59167088058
59167084050
59167000052
59167098054
59167025055
59167094056
59167058057
59167016111
59167059110
59167054113
59167082111
59167085110
59167006114
59167029117
59167000116
59167035117
59167073117
59167089333
59167092114
59167092115
59167093116
59167095117
59167023652
59167057653
59167019719
59167007651
59167024718
59167028719
59167059718
59167004655
59167038713
59167044712
59167003711
59167019658
59167013717
59167069713
59167076654
59167024714
59167083712
59167086931
59167091931
59167092715
59167096716
59167015878
59167061879
59167066873
59167019870
59167003871
59167024876
59167054871
59167055871
59167087433
59167073973
59167023972
59167050971
59167033977
59167035977
59167052975
59167056977
59167085974
59167086976
59167053979
59167088978
59167089978
59167094976
59167022301
59167054381
59167073846
59167085041
59167023305
59167031305
59167002307
59167009307
59167022307
59167042306
59167073383
59167089306
59167091307
59167097307
59167079384
59167077843
59167088843
59167068842
59167054701
59167064701
59167065757
59167079757
59167098757
59167068756
59167038083
59167087128
59167002081
59167028081
59167056087
59167026085
59167073084
59167074122
59167029123
59167055088
59167011125
59167075122
59167095126
59167097089
59167098126
59167018530
59167019535
59167035535
59167068535
59167087037
59167066539
59167074538
59167075539
59167057034
59167079032
59167070033
59167097033
59167097030
59167091635
59167059637
59167010014
59167022015
59167050015
59167018017
59167010159
59167021017
59167024017
59167030158
59167033158
59167033406
59167041159
59167043155
59167049404
59167035402
59167036401
59167053408
59167062152
59167065019
59167015908
59167047909
59167065151
59167065909
59167072618
59167055619
59167095909
59167050903
59167002614
59167012901
59167005612
59167008907
59167021612
59167024614
59167031905
59167044901
59167047614
59167055615
59167066901
59167068612
59167083905
59167094485
59167089836
59167061835
59167061832
59167064832
59167011831
59167054831
59167063831
59167040838
59167007839
59167041838
59167018226
59167030225
59167001224
59167005224
59167033888
59167021221
59167022220
59167045224
59167042882
59167008881
59167022346
59167029880
59167036881
59167042341
59167000884
59167016884
59167050229
59167059880
59167070229
59167076347
59167084885
59167087885
59167088884
59167090343
59167071734
59167075734
59167082737
59167082731
59167068851
59167081851
59167081839
59167087730
59167073852
59167059854
59167069854
59167039049
59167032048
59167070048
59167089047
59167092045
59167037044
59167070041
59167018040
59167036040
59167051040
59167059164
59167049167
59167071041
59167074041
59167006162
59167011163
59167044162
59167064162
59167074161
59167086166
59167045168
59167061859
59167091468
59167021763
59167032760
59167012761
59167039448
59167040449
59167033764
59167077448
59167078766
59167032442
59167038442
59167010769
59167053440
59167025446
59167027446
59167040444
59167057440
59167061769
59167069441
59167078446
59167091444
59167099447
59167009687
59167073687
59167008681
59167043680
59167084681
59167042682