994505365050
994505370571
994505368160
994505384877
994505304870
994505384872
994505300376
994505312981
994505462980
994505352986
994505362985
994505322984
994505373871
994505373873
994505333876
994505424562
994505308343
994505381759
994505351751
994505341750
994505315183
994505397978
994505395184
994505317975
994505352455
994505327977
994505362456
994505389164
994505332450
994505389162
994505342452
994505362452
994505364909
994505338767
994505394908
994505428764
994505319364
994505349363
994505359361
994505331296
994505301987
994505373612
994505383611
994505303614
994505351982
994505353615
994505391985
994505323619
994505364117
994505314115
994505384112
994505354113
994505324110
994505374111
994505394115
994505475424
994505385427
994505370106
994505494111
994505395420
994505315423
994505335423
994505475422
994505374273
994505354270
994505394276
994505424279
994505315331
994505303905
994505335330
994505310215
994505345337
994505350217
994505370217
994505350218
994505368014
994505371343
994505321345
994505333909
994505341345
994505378010
994505391345
994505353583
994505383583
994505393586
994505334678
994505356565
994505374676
994505316567
994505394679
994505346561
994505314672
994505336563
994505324479
994505312191
994505362191
994505382193
994505394471
994505347103
994505337106
994505327108
994505381408
994505360809
994505350804
994505386363
994505331400
994505301407
994505356366
994505361406
994505350803
994505366367
994505307369
994505345618
994505345619
994505365619
994505370803
994505390801
994505327362
994505337365
994505367366
994505345615
994505375614
994505313476
994505343470
994505393470
994505363472
994505353473
994505363478
994505337761
994505387761
994505354585
994505364581
994505384580
994505343279
994505332046
994505310971
994505350970
994505390970
994505310974
994505330974
994505352040
994505310977
994505322041
994505350978
994505379187
994505353128
994505399185
994505349182
994505393121
994505329188
994505309189
994505308909
994505341625
994505351625
994505338904
994505348904
994505352531
994505342536
994505312537
994505362534
994505371629
994505372535
994505378903
994505388904
994505315989
994505307807
994505307808
994505335983
994505315981
994505310596
994505310597
994505349293
994505360596
994505389562
994505428588
994505319294
994505349294
994505349566
994505309569
994505350590
994505368581
994505389567
994505358584
994505338587
994505378586
994505388584
994505390599
994505346699
994505398584
994505343299
994505363299
994505493296
994505323297
994505386697
994505343291
994505339980
994505373293
994505333057
994505321536
994505321535
994505361535
994505301533
994505331533
994505311531
994505321531
994505356743
994505302227
994505347616
994505361530
994505342222
994505371531
994505301539
994505331539
994505342221
994505371538
994505482223
994505309747
994505319740
994505366183
994505339742
994505376182
994505379740
994505389741
994505399749
994505346189
994505314263
994505334265
994505344265
994505397427
994505390204
994505305325
994505405323
994505320200
994505320201
994505381337
994505381336
994505338001
994505378002
994505300209
994505308003
994505391330
994505475329
994505380345
994505348171
994505361243
994505374868
994505482999
994505348175
994505368175
994505346966
994505352990
994505302991
994505304863
994505352992
994505386967
994505344867
994505462994
994505343807
994505363802
994505354057
994505354053
994505394052
994505335508
994505395501
994505304693
994505354694
994505324698
994505394698
994505494698
994505386989
994505335433
994505345433
994505315431
994505320116
994505350117
994505375431
994505365435
994505380115
994505383664
994505310118
994505380118
994505364123
994505384127
994505363063
994505326689
994505336689
994505375952
994505325955
994505386689
994505363065
994505315959
994505375958
994505359647
994505363068
994505399641
994505389640
994505372211
994505392211
994505302215
994505392219
994505351525
994505316206
994505356207
994505395882
994505385886
994505355885
994505311523
994505326752
994505376202
994505396758
994505345888
994505426203
994505316194
994505376190
994505326191
994505386193
994505324668
994505374668
994505304662
994505377487
994505304463
994505337174
994505317177
994505377173
994505336370
994505356375
994505371417
994505338352
994505388354
994505342440
994505302444
994505347964
994505347968
994505391740
994505331741
994505360698
994505391742
994505379352
994505399354
994505368778
994505348779
994505354919
994505364914
994505354915
994505394912
994505398770
994505424915
994505378910
994505321634
994505341634
994505371634
994505381636
994505331638
994505311639
994505332500
994505392500
994505397810
994505367811
994505397819
994505315089
994505385089
994505475089
994505319510
994505359513
994505325083
994505385080
994505325087
994505309518
994505335085
994505328591
994505375084
994505385086
994505316992
994505366993
994505396993
994505310126
994505390125
994505363679
994505360123
994505340122
994505375400
994505323671
994505380129
994505323675
994505395408
994505405409
994505381407
994505302694
994505342692
994505372859
994505342858
994505324217
994505354216
994505462859
994505364210
994505381327
994505321325
994505334212
994505322850
994505322853
994505342852
994505351325
994505354212
994505391329
994505492855
994505385318
994505355312
994505370237
994505325316
994505365315
994505390236
994505390237
994505315628
994505317314
994505345626
994505337312
994505357312
994505344593
994505394592
994505334596
994505343481
994505343480
994505323486
994505383248
994505393247
994505493245
994505300907
994505317559
994505332078
994505342078
994505336574
994505370900
994505386571
994505390906
994505356578
994505312070
994505316579
994505302076
994505302075
994505330909
994505357556
994505367006
994505335531
994505367220
994505305537
994505377556
994505307227
994505327227
994505347229
994505385531
994505387227
994505355538
994505384047
994505334041
994505324684
994505334684
994505324680
994505338432
994505358922
994505338921
994505348439
994505301644
994505351641
994505312516
994505302517
994505322513
994505311086
994505377829
994505307821
994505331088
994505347824
994505315091
994505405091
994505359501
994505395093
994505379507
994505315097
994505405946
994505365941
994505382200
994505352201
994505382204
994505322205
994505382206
994505396931
994505492204
994505426937
994505325892
994505375893
994505426769
994505376767
994505316766
994505395899
994505326169
994505376160
994505306162
994505341790
994505396165
994505301794
994505380352
994505340359
994505398104
994505348107
994505333811
994505366975
994505321250
994505321251
994505378103
994505334323
994505373819
994505344853
994505384852
994505324851
994505374327
994505378324
994505328327
994505378326
994505428324
994505348322
994505368322
994505397955
994505377951
994505318694
994505328694
994505358697
994505328691
994505360683
994505360687
994505357958
994505367958
994505369341
994505378696
994505319343
994505332672
994505364926
994505382670
994505382671
994505319348
994505394923
994505482676
994505334928
994505398218
994505368749
994505378747
994505317233
994505387233
994505395525
994505327239
994505377239
994505493046
994505397308
994505340135
994505350135
994505360136
994505325410
994505385417
994505343647
994505353645
994505333644
994505370138
994505343642
994505313641
994505313640
994505393643
994505344149
994505374149
994505384144
994505304141
994505301885
994505371885
994505351882
994505336781
994505364457
994505314456
994505334456
994505394456
994505366789
994505316788
994505376789
994505307492
994505317496
994505317497
994505367497
994505357169
994505386309
994505359654
994505356307
994505371461
994505336300
994505311463
994505341463
994505361460
994505355635
994505305637
994505355630
994505313498
994505363499
994505373498
994505353495
994505347786
994505317787
994505377784
994505307785
994505383251
994505397784
994505307548
994505356010
994505320918
994505386011
994505306543
994505336014
994505356543
994505366017
994505390919
994505366018
994505300910
994505396018
994505307545
994505350917
994505340915
994505308682
994505328682
994505390915
994505492067
994505318684
994505398688
994505332464
994505312466
994505492460
994505307943
994505330439
994505352666
994505312664
994505344933
994505322662
994505364935
994505394933
994505382661
994505305151
994505370430
994505385150
994505345152
994505394939
994505320434
994505305156
994505338758
994505368754
994505398754
994505308756
994505368757
994505308752
994505398200
994505368936
994505358933
994505358939
994505308429
994505340783
994505341659
994505311650
994505330788
994505307838
994505337838
994505357839
994505361097
994505361092
994505369088
994505359084
994505379083
994505357835
994505357836
994505379082
994505379535
994505349531
994505369246
994505312688
994505362688
994505362684
994505352685
994505362680
994505302682
994505301861
994505351316
994505361860
994505321862
994505301314
994505301865
994505311312
994505311862
994505351867
994505311868
994505391316
994505302845
994505391864
994505344207
994505334204
994505322841
994505360228
994505300229
994505315309
994505385300
994505365302
994505350223
994505370226
994505345307
994505303794
994505353797
994505360321
994505370322
994505330329
994505390329
994505303825
994505323824
994505328118
994505341268
994505343821
994505333820
994505334844
994505324844
994505334337
994505311260
994505311267
994505344338
994505306945
994505303828
994505308115
994505344846
994505358117
994505363828
994505374847
994505386947
994505303229
994505343229
994505353221
994505363220
994505426733
994505346007
994505356004
994505362018
994505330929
994505356000
994505307535
994505340927
994505350926
994505366551
994505367534
994505376000
994505392014
994505356009
994505362012
994505397532
994505397537
994505367208
994505357200
994505355791
994505355799
994505393530
994505353535
994505373536
994505352121
994505337440
994505307335
994505347440
994505332125
994505371536
994505380680
994505462121
994505367339
994505327338
994505353005
994505387339
994505345979
994505333006
994505339062
994505349064
994505393007
994505355973
994505345972
994505325970
994505353008
994505315974
994505342274
994505319885
994505382276
994505369881
994505312272
994505389881
994505322279
994505399794
994505326774
994505306770
994505358119
994505329403
994505371789
994505379402
994505339406
994505326178
994505356178
994505370657
994505390657
994505366174
994505396170
994505376797
994505386794
994505316793
994505356793
994505324448
994505348112
994505353319
994505378110
994505393311
994505373313
994505363312
994505322309
994505376312
994505341471
994505361474
994505301475
994505397157
994505381478
994505462303
994505302305
994505382305
994505342307
994505387153
994505397150
994505359663
994505399660
994505342784
994505334302
994505300331
994505320336
994505360331
994505350334
994505333834
994505363835
994505376958
994505305205
994505343831
994505365207
994505315206
994505305208
994505343838
994505326955
994505308121
994505311277
994505314898
994505494892
994505322491
994505392493
994505392494
994505391217
994505349328
994505374947
994505318237
994505379328
994505394946
994505428231
994505322652
994505310424
994505300425
994505332652
994505319327
994505348238
994505325141
994505359325
994505362652
994505370427
994505333658
994505323654
994505303650
994505333651
994505363653
994505341897
994505301892
994505322873
994505322872
994505342873
994505372870
994505492875
994505312874
994505352878
994505331876
994505391874
994505311307
994505361307
994505331301
994505381875
994505394239
994505494234
994505364232
994505313783
994505405379
994505365378
994505385378
994505385374
994505345376
994505353789
994505405373
994505375372
994505354434
994505384433
994505392530
994505383309
994505323303
994505353303
994505383300
994505326326
994505301445
994505306324
994505356326
994505386490
994505381441
994505396492
994505307145
994505362314
994505393189
994505396498
994505306329
994505317143
994505359674
994505351680
994505387142
994505301682
994505309670
994505309671
994505361685
994505341686
994505314549
994505353231
994505374541
994505344542
994505392003
994505377034
994505337035
994505367524
994505397037
994505342009
994505357529
994505376039
994505386039
994505376033
994505346032
994505380936
994505306030
994505310930
994505330930
994505300932
994505320932
994505340930
994505360931
994505366035
994505390931
994505368413
994505370791
994505370793
994505350797
994505361668
994505328782
994505370799
994505380797
994505382226
994505338784
994505331069
994505391068
994505389095
994505321063
994505359096
994505369090
994505389092
994505388306
994505368305
994505318304
994505368302
994505389259
994505339524
994505359520
994505389520
994505388309
994505303019
994505359072
994505399071
994505363012
994505335962
994505335964
994505303017
994505345966
994505309895
994505339890
994505349890
994505392261
994505359898
994505372267
994505399899
994505352265
994505372265
994505462264
994505369782
994505379784
994505379785
994505387221
994505386148
994505349410
994505330647
994505340645
994505359413
994505380641
994505360649
994505352860
994505322861
994505356818
994505381849
994505321848
994505344228
994505304229
994505390244
994505306810
994505376814
994505362793
994505314314
994505310309
994505350309
994505354316
994505354319
994505340303
994505350303
994505325215
994505345212
994505346929
994505356928
994505398134
994505381204
994505356927
994505388137
994505368131
994505328132
994505316922
994505345218
994505368132
994505375219
994505323688
994505393689
994505353687
994505373687
994505313684
994505324090
994505395549
994505394099
994505305541
994505325546
994505337214
994505385544
994505397215
994505475787
994505395780
994505365781
994505335788
994505333526
994505383528
994505302136
994505377456
994505302134
994505357455
994505397457
994505327450
994505327323
994505327451
994505494214
994505304165
994505394164
994505324163
994505394168
994505304761
994505354761
994505374763
994505394763
994505374765
994505393027
994505373026
994505309041
994505303024
994505333025
994505325910
994505349044
994505389044
994505382256
994505339862
994505349865
994505482253
994505346152
994505389464
994505340679
994505330678
994505379467
994505395430
994505339462
994505340677
994505300676
994505310676
994505399469
994505375821
994505315820
994505303331
994505335822
994505395821
994505305824
994505343335
994505334423
994505324420
994505313338
994505324427
994505394424
994505302321
994505322321
994505332324
994505332328
994505331457
994505356330
994505326331
994505306332
994505426489
994505346338
994505351459
994505356487
994505341696
994505321697
994505361692
994505321690
994505341690
994505494889
994505374880
994505384880
994505314882
994505324884
994505494887
994505362487
994505300419
994505330418
994505350419
994505382485
994505332480
994505342481
994505318220
994505331110
994505354958
994505364959
994505371115
994505398221
994505331116
994505304952
994505302642
994505392642
994505372644
994505494956
994505359311
994505338408
994505397000
994505368401
994505378402
994505308403
994505358404
994505428401
994505318406
994505368406
994505377853
994505317855
994505371675
994505338792
994505308793
994505348795
994505358797
994505371673
994505378797
994505391673
994505369265
994505369264
994505369268
994505348316
994505338317
994505338318
994505354178
994505325689
994505345689
994505315684
994505325681
994505352815
994505312811
994505320277
994505305356
994505385351
994505301850
994505391851
994505316804
994505376805
994505386802
994505326803
994505301856
994505315358
994505336803
994505370278
994505395359
994505380072
994505370077
994505320076
994505345596
994505300078
994505395599
994505330893
994505310891
994505320891
994505357190
994505367190
994505324558
994505374559
994505354556
994505389917
994505393201
994505364550
994505397517
994505352036
994505327515
994505327514
994505357515
994505367047
994505347043
994505347042
994505347511
994505372031
994505377515
994505377048
994505347519
994505392038
994505367686
994505397684
994505367682
994505327681
994505336020
994505386021
994505346027
994505394083
994505350098
994505365578
994505475575
994505367266
994505325573
994505360093
994505375572
994505335770
994505335773
994505385770
994505305777
994505335777
994505375776
994505405776
994505475776
994505333513
994505303516
994505343516
994505382101
994505302100
994505322100
994505327466
994505347466
994505392106
994505344980
994505304983
994505334982
994505384988
994505388474
994505327866
994505361040
994505357863
994505341046
994505351045
994505321049
994505337868
994505369270
994505369272
994505359273
994505332749
994505352748
994505328892
994505369058
994505309059
994505358500
994505378503
994505380613
994505388504
994505396450
994505398503
994505379051
994505309052
994505393036
994505393031
994505323033
994505321594
994505358872
994505378875
994505311590
994505388874
994505331592
994505389876
994505349875
994505331599
994505322241
994505359871
994505336125
994505306126
994505493353
994505319478
994505399478
994505399472
994505320664
994505360664
994505366932
994505366933
994505351210
994505364366
994505370318
994505351217
994505356937
994505334362
994505371211
994505352920
994505326938
994505381218
994505384363
994505362924
994505390314
994505390315
994505335221
994505305220
994505355226
994505343690
994505323696
994505377993
994505377992
994505337996
994505317995
994505387995
994505338651
994505318657
994505345160
994505300402
994505375162
994505300405
994505340406
994505375166
994505351104
994505358257
994505328251
994505359308
994505324969
994505382638
994505319304
994505324966
994505329306
994505389305
994505392630
994505342633
994505354961
994505364961
994505424962
994505328099
994505330089
994505350089
994505305564
994505320084
994505300086
994505340085
994505360085
994505370080
994505375763
994505323505
994505347470
994505342111
994505387470
994505317473
994505302116
994505337477
994505381919
994505382116
994505381915
994505351914
994505361914
994505345690
994505334749
994505304743
994505364746
994505357278
994505398860
994505355836
994505393321
994505325834
994505385835
994505305830
994505303328
994505394414
994505372331
994505372332
994505312334
994505325900
994505319699
994505329699
994505369696
994505315909
994505375909
994505379692
994505399693
994505390884
994505354562
994505320886
994505360886
994505380880
994505354566
994505370881
994505390883
994505327180
994505327181
994505346459
994505394561
994505320888
994505360888
994505357186
994505329906
994505383215
994505493215
994505363210
994505323212
994505369901
994505373212
994505399901
994505329908
994505352024
994505367504
994505392026
994505352021
994505327050
994505357051
994505332029
994505337695
994505386059
994505387692
994505386050
994505347985
994505307987
994505377987
994505348647
994505338643
994505328641
994505340476
994505342626
994505325110
994505342624
994505325112
994505330472
994505385113
994505395113
994505328248
994505331139
994505358249
994505354979
994505344974
994505351132
994505374974
994505384971
994505304972
994505308244
994505371134
994505308087
994505343975
994505368080
994505348083
994505373979
994505318088
994505328088
994505324992
994505321053
994505337870
994505377871
994505387872
994505357873
994505309205
994505382754
994505379201
994505329202
994505350501
994505385023
994505325027
994505335026
994505355026
994505370506
994505338886
994505388887
994505398886
994505318881
994505326832
994505396832
994505392809
994505382803
994505336839
994505306838
994505396838
994505310264
994505305345
994505301829
994505380261
994505340262
994505395342
994505381824
994505301821
994505305348
994505310268
994505345348
994505355586
994505395349
994505310064
994505330060
994505333750
994505383750
994505363752
994505353754
994505320068
994505358489
994505368489
994505371224
994505316902
994505396902
994505332939
994505482938
994505394370
994505362932
994505356909
994505332931
994505335239
994505385239
994505335237
994505375237
994505350878
994505364571
994505346445
994505356445
994505376444
994505346440
994505334577
994505340870
994505370874
994505389933
994505399932
994505389931
994505369935
994505376590
994505396591
994505366040
994505326041
994505356046
994505366594
994505326596
994505346045
994505326598
994505357066
994505386594
994505357669
994505392298
994505342293
994505327660
994505347663
994505352291
994505372290
994505332295
994505347666
994505307081
994505387085
994505365756
994505395754
994505385759
994505380981
994505370983
994505313574
994505383571
994505482168
994505302167
994505492166
994505382161
994505367403
994505327402
994505308516
994505309842
994505332162
994505338517
994505339843
994505339846
994505319845
994505462162
994505309025
994505309020
994505308518
994505341589
994505339599
994505378862
994505378863
994505318861
994505391589
994505339594
994505301580
994505321581
994505331581
994505351587
994505319593
994505369592
994505396132
994505346948
994505359119
994505319118
994505348461
994505388466
994505379449
994505329448
994505339447
994505399449
994505328468
994505328469
994505329444
994505329114
994505319441
994505329117
994505333355
994505349730
994505349731
994505359440
994505369731
994505354409
994505379116
994505379736
994505383351
994505383354
994505384405
994505393352
994505394404
994505315806
994505365806
994505355804
994505333197
994505426943
994505398368
994505482343
994505332582
994505332581
994505482580
994505305937
994505330720
994505360721
994505375935
994505385934
994505405934
994505326628
994505335930
994505336629
994505326621
994505376621
994505396621
994505302906
994505322908
994505492908
994505316913
994505374347
994505384348
994505374345
994505374341
994505424340
994505345248
994505395244
994505375243
994505358185
994505378182
994505380468
994505332613
994505312612
994505352612
994505310463
994505375103
994505305101
994505315101
994505345106
994505475103
994505391128
994505341123
994505371124
994505331125
994505318271
994505351125
994505358271
994505338078
994505363966
994505368270
994505371125
994505308070
994505318076
994505340180
994505311908
994505361906
994505391906
994505361900
994505371900
994505314199
994505373406
994505343408
994505304752
994505344751
994505374752
994505347245
994505377714
994505397714
994505366820
994505366822
994505361836
994505391834
994505382838
994505322835
994505372834
994505392834
994505330293
994505310295
994505360295
994505393980
994505363749
994505340051
994505373742
994505300056
994505343741
994505493349
994505319720
994505313342
994505333343
994505333340
994505305816
994505339729
994505381482
994505381487
994505373181
994505341485
994505312353
994505362353
994505342356
994505353188
994505363188
994505332355
994505376613
994505392356
994505366611
994505372596
994505326617
994505356617
994505312592
994505326615
994505336615
994505382593
994505316619
994505302598
994505382598
994505462598
994505379032
994505329033
994505339030
994505375921
994505315923
994505355923
994505309038
994505334505
994505364504
994505334507
994505364506
994505374504
994505376479
994505330867
994505320865
994505360862
994505380862
994505426474
994505339920
994505329926
994505306077
994505396077
994505336075
994505316074
994505337079
994505317076
994505357073
994505316271
994505331550
994505311553
994505392289
994505376275
994505367678
994505316276
994505326279
994505391559
994505317674
994505322284
994505332285
994505397673
994505382287
994505338290
994505358290
994505348295
994505308296
994505398298
994505381024
994505341026
994505331023
994505327885
994505321028
994505351029
994505377885
994505300518
994505309212
994505332762
994505339210
994505352761
994505315032
994505355035
994505372767
994505380517
994505399216
994505308674
994505328679
994505379850
994505309851
994505308529
994505319853
994505358529
994505359853
994505309856
994505369586
994505389584
994505348527
994505388859
994505398858
994505326297
994505376296
994505398853
994505396294
994505386292
994505318855
994505398854
994505316109
994505340608
994505320609
994505390609
994505376102
994505366100
994505339459
994505318451
994505358980
994505368980
994505379107
994505308988
994505329103
994505318458
994505336855
994505341807
994505399100
994505361804
994505336850
994505351802
994505392829
994505386859
994505331809
994505492823
994505383772
994505323777
994505320287
994505340284
994505320282
994505324031
994505334032
994505310041
994505380043
994505330046
994505341933
994505311930
994505381936
994505301939
994505332910
994505372912
994505342914
994505382915
994505362919
994505375250
994505335251
994505393886
994505335254
994505334354
994505364354
994505385258
994505395258
994505303889
994505344350
994505424355
994505330993
994505325742
994505330990
994505330991
994505337092
994505337095
994505387095
994505397097
994505340998
994505360998
994505347098
994505323562
994505334619
994505373562
994505343561
994505374618
994505393567
994505394613
994505334612
994505357413
994505362173
994505302174
994505337415
994505352174
994505330195
994505386351
994505383414
994505303412
994505324729
994505333410
994505334729
994505343413
994505344725
994505354724
994505393412
994505324721
994505374720
994505344723
994505323419
994505397707
994505337704
994505357705
994505347250
994505377705
994505306358
994505327253
994505387259
994505367709
994505399825
994505309821
994505389821
994505349823
994505399821
994505308531
994505309828
994505316285
994505358841
994505358842
994505348844
994505376280
994505316282
994505366282
994505359133
994505380636
994505300635
994505389130
994505360631
994505346115
994505391723
994505351720
994505300638
994505428444
994505388445
994505328998
994505388999
994505308442
994505318991
994505428991
994505318449
994505338994
994505305868
994505333378
994505399713
994505343376
994505315867
994505383375
994505343373
994505313372
994505329716
994505385862
994505321490
994505361490
994505393374
994505331494
994505341498
994505322366
994505303173
994505359483
994505369487
994505339486
994505363177
994505372367
994505379483
994505382364
994505383172
994505392360
994505396601
994505366606
994505396607
994505382561
994505302566
994505319006
994505399001
994505319000
994505310702
994505320700
994505310707
994505330707
994505369009
994505329008
994505390705
994505302605
994505462605
994505332602
994505382603
994505345137
994505312609
994505322609
994505304283
994505364280
994505384283
994505301159
994505314287
994505321159
994505388268
994505341154
994505378265
994505381157
994505308260
994505318261
994505321153
994505338260
994505378262
994505388260
994505378068
994505358069
994505388069
994505333952
994505318064
994505428069
994505353955
994505398287
994505358285
994505378288
994505328289
994505355003
994505321039
994505347897
994505340528
994505341037
994505337893
994505331035
994505322778
994505347891
994505362778
994505371035
994505377893
994505369227
994505322771
994505329225
994505312773
994505399221
994505352777
994505348193
994505388193
994505348663
994505398196
994505348666
994505388669
994505308199
994505365483
994505314733
994505374734
994505304739
994505394739
994505353422
994505363427
994505383426
994505357739
994505357733
994505367730
994505327736
994505367734
994505315392
994505336848
994505335390
994505341816
994505361810
994505396848
994505325394
994505395394
994505396843
994505325399
994505396847
994505373760
994505333761
994505323765
994505383765
994505333768
994505374026
994505314025
994505300039
994505374023
994505384023
994505380035
994505360036
994505300031
994505310031
994505300033
994505390030
994505351925
994505301927
994505324512
994505346460
994505374512
994505356463
994505394515
994505339958
994505379952
994505347643
994505307642
994505317641
994505377642
994505377643
994505327646
994505353085
994505363087
994505336069
994505313082
994505371544
994505336263
994505351543
994505366263
994505311548
994505391548
994505391549
994505345734
994505325730
994505355730
994505355732
994505353555
994505393555
994505304604
994505334605
994505374604
994505334603
994505393559
994505333391
994505303390
994505327425
994505313392
994505332146
994505352142
994505333397
994505362141
994505363390
994505373399
994505320853
994505312383
994505330851
994505310856
994505342388
994505312388
994505340858
994505368721
994505368722
994505348726
994505428726
994505320531
994505315012
994505350532
994505360533
994505380533
994505385019
994505311002
994505391001
994505381000
994505309239
994505362708
994505369239
994505379232
994505494839
994505348614
994505388616
994505364831
994505384833
994505314832
994505318619
994505399832
994505368546
994505318543
994505309835
994505371710
994505361717
994505368839
994505328835
994505381719
994505311718
994505339120
994505337930
994505379120
994505327932
994505349124
994505362414
994505359126
994505307936
994505340623
994505342418
994505347939
994505390623
994505392967
994505352966
994505315267
994505315266
994505395260
994505303890
994505303891
994505383894
994505345268
994505355268
994505365461
994505395463
994505380142
994505340145
994505305466
994505300149
994505390149
994505475128
994505331144
994505355126
994505345127
994505345123
994505398052
994505358054
994505348058
994505393941
994505313946
994505376520
994505396520
994505384637
994505334636
994505336527
994505304634
994505336528
994505364638
994505393547
994505303543
994505323548
994505383549
994505362154
994505367434
994505392155
994505397434
994505312150
994505307433
994505323381
994505307383
994505387382
994505332158
994505357387
994505377386
994505303389
994505337385
994505350840
994505342392
994505362390
994505370847
994505405498
994505395490
994505374703
994505344702
994505385658
994505375652
994505353435
994505387724
994505307726
994505307727
994505366746
994505353368
994505303361
994505313361
994505368940
994505388944
994505356383
994505339490
994505362375
994505383165
994505353163
994505392371
994505346675
994505386675
994505392574
994505352575
994505386678
994505390718
994505309013
994505379013
994505350712
994505379940
994505359941
994505336416
994505366411
994505316412
994505353093
994505313091
994505301431
994505387556
994505376099
994505367653
994505397653
994505356092
994505366095
994505326709
994505325870
994505331578
994505305877
994505361438
994505376253
994505426253
994505376251
994505301570
994505341577
994505336256
994505336707
994505371172
994505321170
994505361178
994505391178
994505321373
994505361372
994505338045
994505328046
994505381374
994505353938
994505393938
994505303934
994505398732
994505338731
994505378731
994505355064
994505312710
994505330546
994505335066
994505375066
994505380545
994505380547
994505398731
994505352718
994505312719
994505362719
994505392718
994505380384
994505310383
994505370383
994505390382
994505370389
994505324398
994505344398
994505343843
994505354399
994505383846
994505323849
994505303848
994505324392
994505324827
994505384390
994505384393
994505348604
994505304821
994505384395
994505384821
994505393848
994505398691
994505301398
994505316876
994505331395
994505311390
994505380022
994505391390
994505320027
994505320025
994505303718
994505323718
994505354019
994505364019
994505314011
994505494017
994505384015
994505321957
994505371957
994505351952
994505382970
994505372977
994505335274
994505325275
994505375275
994505355270
994505385272
994505335278
994505353629
994505340157
994505390157
994505345472
994505389977
994505329976
994505359602
994505364538
994505339604
994505399974
994505319608
994505384531
994505314533
994505392090
994505302093
994505312092
994505312098
994505377621
994505307622
994505346089
994505426084
994505366081
994505346248
994505346249
994505475844
994505376719
994505346241
994505376714
994505386244
994505305849
994505306246
994505311567
994505316711
994505355849
994505326532
994505366533
994505334627
994505346531
994505395717
994505300943
994505424627
994505370945
994505300944
994505385711
994505396539
994505426402
994505336403
994505316401
994505380831
994505346407
994505387130
994505337132
994505350839
994505356409
994505319808
994505379807
994505389550
994505309553
994505319553
994505369803
994505378829
994505349801
994505399806
994505349151
994505319396
994505309390
994505390492
994505350490
994505353156
994505353159
994505493159
994505369770
994505382543
994505378957
994505338955
994505302546
994505322546
994505342544
994505352545
994505386393
994505396391
994505462548
994505398958
994505326661
994505386664
994505388550
994505340769
994505350769
994505318554
994505302949
994505322948
994505312942
994505375289
994505365288
994505305448
994505333637
994505310160
994505303630
994505393630
994505395444
994505371164
994505361165
994505311166
994505311162
994505333922
994505386886
994505393920
994505328031
994505343927
994505308033
994505323925
994505333925
994505312894
994505376880
994505391361
994505393929
994505382890
994505424251
994505314256
994505305661
994505395661
994505307355
994505367357
994505385665
994505387359
994505395664
994505394715
994505324710
994505364719
994505363449
994505397286
994505347284
994505303444
994505363444
994505387289
994505343443
994505377759
994505347758
994505387759
994505367755
994505317754
994505357900
994505387754
994505387750
994505377902
994505371389
994505336866
994505316867
994505331387
994505306861
994505301382
994505316861
994505346863
994505396863
994505396866
994505320012
994505330012
994505303707
994505323704
994505333704
994505363705
994505493705
994505314003
994505396546
994505354007
994505381942
994505391944
994505363148
994505322552
994505392555
994505382556
994505492555
994505308963
994505342559
994505350773
994505351608
994505360777
994505360774
994505330775
994505341600
994505366655
994505311605
994505348565
994505308564
994505398562
994505369610
994505339963
994505349611
994505349963
994505369962
994505389619
994505362083
994505372081
994505367639
994505357632
994505337633
994505367633
994505387633
994505399760
994505335857
994505339761
994505395857
994505375852
994505331517
994505369768
994505316231
994505341513
994505381513
994505386233
994505312727
994505352726
994505300558
994505385071
994505342728
994505364813
994505354812
994505300396
994505364811
994505380396
994505320393
994505348386
994505364819
994505374819
994505384819
994505368381
994505378381
994505388149
994505358148
994505313853
994505328637
994505348636
994505378142
994505358147
994505388146
994505328361
994505328817
994505318363
994505308362
994505348816
994505358361
994505358364
994505338366
994505328369
994505318368
994505339814
994505349546
994505359810
994505319543
994505349543
994505359815
994505388810
994505351774
994505389810
994505389813
994505301773
994505311773
994505351779
994505301778
994505302432
994505319140
994505322431
994505379140
994505337916
994505367916
994505319145
994505330488
994505319385
994505349386
994505359385
994505378707
994505389386
994505309382
994505338705
994505349383
994505399383
994505360483
994505399388
994505390003
994505493736
994505343731
994505324073
994505311974
994505311973
994505371974
994505361971
994505391970
994505391973
994505371287
994505332955
994505362951
994505372953
994505392953
994505363602
994505321996
994505315296
994505335296
994505313609
994505323609
994505391999
994505340179
994505354102
994505424104
994505314108
994505320172
994505360173
994505374108
994505320175
994505305456
994505375454
994505344654
994505325708
994505384651
994505310959
994505306502
994505375706
994505355707
994505305700
994505305701
994505316506
994505326507
994505314495
994505384494
994505424499
994505371421
994505390935
994505316435
994505306434
994505346434
994505351423
994505306431
994505346347
994505347128
994505371422
994505360821
994505306439
994505307121
994505355670
994505377121
994505367342
994505355675
994505357341
994505355678
994505395678
994505397348
994505333452
994505323450
994505323456
994505323454
994505383455
994505323458
994505317293
994505357297
994505327749
994505378804
994505318805
994505348800
994505328801
994505338801
994505338371
994505349288
994505368800
994505388370
994505338808
994505398809
994505319283
994505328379
994505398379
994505428378
994505341769
994505361764
994505307908
994505308483
994505318485
994505329177
994505308489
994505302422
994505312423
994505322421
994505309172
994505327901
994505312427
994505327907
994505329378
994505339172
994505339378
994505378711
994505398716
994505388717
994505309373
994505389372
994505325191
994505305193
994505343135
994505383135
994505319193
994505303130
994505319197
994505328979
994505492527
994505362529
994505398975
994505482529
994505358977
994505365996
994505345991
994505320742
994505300741
994505325992
994505385993
994505331617
994505346645
994505346647
994505305999
994505381613
994505336642
994505391618
994505310581
994505339572
994505318576
994505349572
994505309577
994505369572
994505370587
994505380586
994505399577
994505369578
994505368578
994505321199
994505332884
994505302885
994505342885
994505312889
994505321192
994505381195
994505389121
994505343911
994505364249
994505311353
994505388022
994505361351
994505384244
994505328026
994505318027
994505323919
994505318025
994505300569
994505340568
994505365048
994505302738
994505340562
994505355041
994505355040
994505370562
994505375041
994505324802
994505405042
994505354804
994505482739
994505350360
994505320363
994505350363
994505338390
994505348629
994505388159
994505398159
994505373860
994505318620
994505313866
994505388152
994505368623
994505315604
994505365604
994505335606
994505325603
994505367372
994505387372
994505307370
994505365609
994505317376
994505387370
994505397377
994505383467
994505383469
994505383261
994505377776
994505387776
994505313262
994505347773
994505347772
994505373262
994505337770
994505313269
994505323269
994505387774
994505357571
994505317573
994505327572
994505370967
994505347574
994505300965
994505307576
994505330965
994505364062
994505334063
994505324061
994505314067
994505343724
994505325510
994505315513
994505335515
994505365517
994505493723
994505301969
994505351964
994505381964
994505341966
994505381966
994505349628
994505383287
994505369622
994505389990
994505309627
994505349995
994505339997
994505379625
994505337598
994505307597
994505363041
994505377596
994505337594
994505397596
994505397598
994505337590
994505317590
994505311502
994505316223
994505316732
994505336731
994505336735
994505366733
994505387608
994505396730
994505332230
994505307605
994505321509
994505327605
994505336228
994505337605
994505372232
994505359757
994505377606
994505387602
994505396228
994505397602
994505399756
994505349758
994505346518
994505392421
994505383591
994505354649
994505303594
994505304642
994505356514
994505366517
994505384485
994505342181
994505394487
994505397114
994505301436
994505326424
994505326425
994505331434
994505306352
994505326352
994505341437
994505326351
994505361435
994505366352
994505380815
994505386355
994505390819
994505321438
994505326359